#Best Fit ATLAS
0.995811320754717  1.061939035243859
#68% CL Contour
0.925622641509434  1.0878472766108935
0.925622641509434  1.0850170879316483
0.925622641509434  1.0793567105731576
0.9260754716981132  1.0751108935564258
0.9272075471698114  1.0694491812032751
0.9283396226415094  1.0644950160199358
0.9306037735849056  1.0574168743325025
0.9324150943396226  1.0531694553221786
0.9351320754716981  1.0467983268066927
0.9383018867924529  1.041134211463154
0.9414716981132075  1.035823869704521
0.9450943396226414  1.0308667675329297
0.9491698113207547  1.0255553577785688
0.9527924528301887  1.0220133499466002
0.9564150943396226  1.0184713421146314
0.9609433962264151  1.0142207191171235
0.9647924528301887  1.0113859914560341
0.9690943396226415  1.0085507297970806
0.9740754716981131  1.00500711997152
0.9786037735849056  1.0025253648985404
0.9826792452830189  1.000751690993236
0.986754716981132  0.9989780170879317
0.9908301886792452  0.9972043431826272
0.9949056603773585  0.9964919900320398
0.9980754716981132  0.995073157707369
1.0021509433962263  0.9943608045567817
1.0062264150943396  0.9936484514061943
1.010754716981132  0.9929355642577429
1.0157358490566037  0.9929296902812388
1.0193584905660378  0.9929254182983267
1.0234339622641508  0.9929206123175507
1.0266037735849056  0.9936244215023139
1.030679245283019  0.9943271626913491
1.0343018867924527  0.9950304378782484
1.0370188679245282  0.9957347810608757
1.040641509433962  0.9971456034175863
1.044264150943396  0.9989101993592024
1.0483396226415094  1.0006742613029547
1.0524150943396227  1.0027920968316126
1.054679245283019  1.0049120683517265
1.056943396226415  1.0070320398718404
1.0596603773584905  1.0098590245639016
1.0619245283018868  1.0119789960840155
1.064188679245283  1.0155140619437522
1.0655471698113206  1.0183426486294054
1.0673584905660376  1.021878248487006
1.0687169811320754  1.0268294766820931
1.0696226415094339  1.0296585973656105
1.0700754716981131  1.033195799216803
1.0705283018867924  1.0388556425774296
1.0700754716981131  1.043809006763973
1.0696226415094339  1.0494699181203275
1.0687169811320754  1.0537162691349233
1.0678113207547169  1.057255072979708
1.066452830188679  1.061501957992168
1.064641509433962  1.065749377002492
1.062377358490566  1.0703511035955855
1.0610188679245283  1.0735366678533285
1.0592075471698112  1.0774303132787468
1.056943396226415  1.0806169455322179
1.055132075471698  1.0841568173727305
1.052867924528302  1.0869896760412958
1.0501509433962264  1.0905306158775363
1.0474339622641509  1.0937177821288713
1.0447169811320753  1.0969049483802065
1.0419999999999998  1.0997383410466357
1.0397358490566038  1.1018636525453898
1.0361132075471697  1.1054056603773583
1.032490566037736  1.1082401210395156
1.0293207547169811  1.1110740477038092
1.0266037735849056  1.1131998932004272
1.0229811320754716  1.115326806692773
1.020264150943396  1.1174526521893913
1.0170943396226415  1.1195790316838732
1.0134716981132075  1.1217059451762192
1.010754716981132  1.123124243503026
1.0071320754716981  1.1248973834104663
1.0039622641509434  1.1259624421502314
1.0003396226415093  1.127381808472766
0.9953584905660378  1.129510323958704
0.9912830188679245  1.1309302242791028
0.986754716981132  1.1319968850124598
0.9840377358490566  1.1327076361694552
0.9808679245283018  1.133065147739409
0.9772452830188678  1.133069419722321
0.9736226415094339  1.1334274652901388
0.97  1.1337855108579564
0.9668301886792452  1.133081701673193
0.9636603773584905  1.1330854396582413
0.9604905660377359  1.1323816304734782
0.9568679245283018  1.1313245817016733
0.953698113207547  1.1299132253470985
0.9500754716981131  1.1285024029903878
0.9473584905660377  1.1267367390530438
0.9428301886792452  1.1235581167675328
0.9396603773584905  1.1210854396582413
0.9369433962264151  1.11825845496618
0.9342264150943396  1.1154314702741188
0.9324150943396226  1.1118958704165183
0.9301509433962264  1.1076532573869704
0.928566037735849  1.1041173905304378
0.9272075471698114  1.0998737095051618
0.9260754716981132  1.095629761480954
0.925622641509434  1.0920925596297615
#95% CL Contour
0.8830566037735849  1.100633321466714
0.8830566037735849  1.0921427554289782
0.8844150943396226  1.0822354930580276
0.8853207547169811  1.0758665005339978
0.8862264150943395  1.0709126023495905
0.8875849056603773  1.0645430758276966
0.8893962264150943  1.0595881096475612
0.8907547169811321  1.05463367746529
0.8925660377358491  1.0496787112851549
0.8948301886792452  1.0440156639373441
0.8968679245283019  1.0397679779280882
0.8989056603773584  1.035874065503738
0.9009433962264151  1.0319801530793877
0.903433962264151  1.0277319330722676
0.9052452830188679  1.024192061231755
0.9066037735849056  1.022067817728729
0.9088679245283019  1.0185274118903525
0.911132075471698  1.0153407796368814
0.9133962264150943  1.0121541473834104
0.9165660377358491  1.0086126735493057
0.9192830188679245  1.005071733713065
0.9215471698113207  1.0022388750444997
0.9251698113207547  0.9979893200427198
0.9283396226415094  0.9958629405482378
0.9315094339622642  0.9930290138839444
0.9333207547169811  0.9901966892132431
0.9369433962264151  0.9873622285510857
0.9392075471698113  0.9852369170523317
0.942377358490566  0.9824029903880384
0.9455471698113207  0.9802766108935563
0.9487169811320755  0.9781502313990743
0.9509811320754716  0.9760249199003204
0.9546037735849057  0.9731904592381629
0.9577735849056603  0.9710640797436809
0.9618490566037735  0.9696441794232822
0.9659245283018868  0.9675167319330722
0.97  0.9646817372730507
0.9749811320754717  0.9632607689569241
0.9790566037735848  0.9611333214667142
0.9831320754716981  0.9597134211463154
0.9863018867924528  0.9582945888216445
0.990377358490566  0.9568746885012458
0.9958113207547169  0.955453186187255
0.9989811320754717  0.9547419010323959
1.0021509433962263  0.9540306158775363
1.0057735849056604  0.9526112495550016
1.0098490566037734  0.9526064435742256
1.0134716981132075  0.9518946244215023
1.0175471698113208  0.9511822712709148
1.022075471698113  0.9511769312922749
1.0256981132075471  0.9511726593093626
1.028867924528302  0.9511689213243146
1.032490566037736  0.9511646493414025
1.036566037735849  0.9511598433606264
1.040641509433962  0.9511550373798503
1.0447169811320753  0.9518577785688856
1.0483396226415094  0.9522072801708792
1.0521886792452828  0.9525565147739409
1.0564905660377357  0.9536127625489498
1.0601132075471698  0.9546698113207546
1.064188679245283  0.9553725525097898
1.0673584905660376  0.9567839088643644
1.0709811320754716  0.9574871840512638
1.0736981132075472  0.9588990744037023
1.0764150943396227  0.9603109647561409
1.079132075471698  0.9617228551085795
1.082754716981132  0.9638412246351014
1.0872830188679243  0.9659585261658952
1.0899999999999999  0.9684317372730508
1.0927169811320754  0.9701974012103951
1.0958867924528302  0.9730238519045923
1.0986037735849057  0.9751432894268421
1.101320754716981  0.9779702741189034
1.103132075471698  0.9800907796368814
1.1058490566037735  0.9836253114987539
1.1083396226415094  0.9871601103595584
1.110830188679245  0.9914024563901742
1.1135471698113206  0.9967058561765753
1.115132075471698  1.0005954966180135
1.1167169811320754  1.0055464578141686
1.1180754716981132  1.0108514595941616
1.1189811320754717  1.0168645425418297
1.119433962264151  1.0246470274118904
1.1189811320754717  1.0338456746173015
1.1183018867924526  1.0402144001423994
1.116943396226415  1.0465839266642933
1.1155849056603773  1.0518921324314703
1.1135471698113206  1.0579086863652545
1.1119622641509432  1.0621558383766465
1.1103773584905658  1.0664029903880383
1.108566037735849  1.0702966358134567
1.1063018867924528  1.075252135991456
1.104943396226415  1.0777301530793877
1.1026792452830187  1.0819781060875755
1.1004150943396225  1.0858722855108578
1.0981509433962264  1.08976646493414
1.0958867924528302  1.0929530971876114
1.0940754716981131  1.0957854218583125
1.0911320754716982  1.0996804022783908
1.0890943396226413  1.1025129939480243
1.0872830188679243  1.1053453186187254
1.0841132075471698  1.10888679245283
1.0807169811320754  1.1127823068707725
1.0777735849056602  1.1159697401210393
1.0755094339622642  1.1188025987896046
1.0727924528301886  1.121635991456034
1.0700754716981131  1.123761836952652
1.0669056603773583  1.1269495372018512
1.064641509433962  1.1294286222855108
1.0610188679245283  1.132263082947668
1.058754716981132  1.1343883944464221
1.0553584905660378  1.1372225881096474
1.0524150943396227  1.140056247775009
1.0487924528301886  1.1421831612673548
1.0451698113207546  1.1450176219295123
1.040641509433962  1.148560697757209
1.0370188679245282  1.1513951584193662
1.032490566037736  1.1542306870772516
1.0279622641509434  1.1563586685653258
1.02388679245283  1.159193663225347
1.020264150943396  1.161320576717693
1.0175471698113208  1.1627388750444998
1.014377358490566  1.1648652545389817
1.0098490566037734  1.1662856888572446
1.0053207547169811  1.1684136703453185
1.0007924528301886  1.1698341046635812
0.9967169811320754  1.1719615521537914
0.9926415094339622  1.1733814524741901
0.9881132075471697  1.1740943396226413
0.9840377358490566  1.1755142399430403
0.9799622641509433  1.1762265930936275
0.9754339622641509  1.176939480242079
0.9711320754716981  1.178005873976504
0.9670566037735848  1.1783644535421858
0.962754716981132  1.1790770736917051
0.9577735849056603  1.179436721253115
0.9532452830188679  1.1790882876468494
0.9487169811320755  1.178386080455678
0.9432830188679244  1.1783924884300463
0.9373962264150943  1.1769843360626557
0.9315094339622642  1.1755761836952652
0.9346792452830188  1.1769875400498397
0.9401132075471698  1.1780424528301885
0.9278867924528301  1.1745191349234603
0.9247169811320755  1.17275400498398
0.9210943396226414  1.170635635457458
0.9179245283018868  1.1695780526877892
0.9143018867924528  1.1671059095763616
0.9102264150943395  1.1642805268778924
0.9070566037735849  1.1614540761836953
0.9043396226415095  1.158627091491634
0.9020754716981132  1.15650711997152
0.8998113207547169  1.1533258276966891
0.8970943396226415  1.149437522249911
0.8943773584905661  1.1451954432182272
0.8916603773584906  1.1405995906016375
0.8903018867924528  1.137063456746173
0.8884905660377358  1.1324665361338555
0.8869056603773584  1.1275155749377002
0.8853207547169811  1.1218570665717336
0.8844150943396226  1.1154902100391597
0.8835094339622641  1.1105384478462086
0.8832830188679245  1.1052321110715555
0.8830566037735849  1.0963880384478462
0.8837358490566037  1.0868353506585973
