   123.00000000000000         0.63639917860617568          2.4586178920038617E-005    -7.1960634626980977E-003     1.8341494682951704E-004     13.795963243200841          2.1780840510142173E-004    -1.6137915019050871E-002     1.2836485352727669E-004    -5.9261674815622758          3.3502746498601084E-002     7.5132226700249966E-002    -1.7337858896100261E-002     1.3924852611841236E-004     3.9978266417370177E-004     8.0724165942024709E-002
   123.02500000000001         0.63681884122476429          2.4583771212493703E-005    -7.1981594153425425E-003     1.8340763977881753E-004     13.807228966739746          2.1780553021713976E-004    -1.6143655360106708E-002     1.2835711719498023E-004    -5.9305410067257718          3.3515138564191936E-002     7.5164860244486417E-002    -1.7344023556655295E-002     1.3924126482575588E-004     3.9977188230055883E-004     8.0759210238433785E-002
   123.05000000000000         0.63723871135002452          2.4581364390441107E-005    -7.2002556460372697E-003     1.8340033516927614E-004     13.818503868435339          2.1780265699377344E-004    -1.6149396611415030E-002     1.2834938329229540E-004    -5.9349174325777705          3.3527535460783603E-002     7.5197506719978033E-002    -1.7350189324383532E-002     1.3923400617771480E-004     3.9976110445712285E-004     8.0794269023452034E-002
   123.07500000000000         0.63765878906332552          2.4578958453653443E-005    -7.2023521548861252E-003     1.8339303300160396E-004     13.829787958093270          2.1779978543275491E-004    -1.6155138773210596E-002     1.2834165181948296E-004    -5.9392967614469256          3.3539937193256431E-002     7.5230166138862353E-002    -1.7356356199578513E-002     1.3922675017444814E-004     3.9975033064564973E-004     8.0829342310449456E-002
   123.09999999999999         0.63807907444603529          2.4576553401879013E-005    -7.2044489419886316E-003     1.8338573327651562E-004     13.841081245535095          2.1779691553548529E-004    -1.6160881845727955E-002     1.2833392277674754E-004    -5.9436789956648095          3.3552343766479260E-002     7.5262838513297681E-002    -1.7362524182531622E-002     1.3921949681604197E-004     3.9973956086837011E-004     8.0864430112809665E-002
   123.12500000000000         0.63849956757956416          2.4574149234855328E-005    -7.2065460074426423E-003     1.8337843599473017E-004     13.852383740598336          2.1779404730338397E-004    -1.6166625829202596E-002     1.2832619616426984E-004    -5.9480641375661429          3.3564755185320198E-002     7.5295523855463384E-002    -1.7368693273535997E-002     1.3921224610256153E-004     3.9972879512753631E-004     8.0899532443942559E-002
   123.15000000000001         0.63892026854537398          2.4571745952349141E-005    -7.2086433513509560E-003     1.8337114115695862E-004     13.863695453136552          2.1779118073783928E-004    -1.6172370723869432E-002     1.2831847198229530E-004    -5.9524521894888238          3.3577171454678000E-002     7.5328222177556220E-002    -1.7374863472882984E-002     1.3920499803413429E-004     3.9971803342536255E-004     8.0934649317271526E-002
   123.17500000000000         0.63934117742493413          2.4569343554116452E-005    -7.2107409738144841E-003     1.8336384876391633E-004     13.875016393019338          2.1778831584030729E-004    -1.6178116529963767E-002     1.2831075023104542E-004    -5.9568431537737512          3.3589592579450725E-002     7.5360933491793958E-002    -1.7381034780867839E-002     1.3919775261088510E-004     3.9970727576413051E-004     8.0969780746259240E-002
   123.20000000000000         0.63976229429978826          2.4566942039888806E-005    -7.2128388749302724E-003     1.8335655881631519E-004     13.886346570132378          2.1778545261213911E-004    -1.6183863247721465E-002     1.2830303091068248E-004    -5.9612370327651325          3.3602018564524883E-002     7.5393657810413434E-002    -1.7387207197780898E-002     1.3919050983283876E-004     3.9969652214602114E-004     8.1004926744363090E-002
   123.22499999999999         0.64018361925149536          2.4564541409440599E-005    -7.2149370548024458E-003     1.8334927131487922E-004     13.897685994377468          2.1778259105477765E-004    -1.6189610877378791E-002     1.2829531402147357E-004    -5.9656338288102022          3.3614449414828489E-002     7.5426395145674688E-002    -1.7393380723917162E-002     1.3918326970016124E-004     3.9968577257331277E-004     8.1040087325085733E-002
   123.25000000000000         0.64060515236165028          2.4562141662521953E-005    -7.2170355135311006E-003     1.8334198626030368E-004     13.909034675672578          2.1777973116963531E-004    -1.6195359419170590E-002     1.2828759956361687E-004    -5.9700335442593486          3.3626885135278235E-002     7.5459145509849529E-002    -1.7399555359570409E-002     1.3917603221294607E-004     3.9967502704822439E-004     8.1075262501943857E-002
   123.27500000000001         0.64102689371189125          2.4559742798885477E-005    -7.2191342512167985E-003     1.8333470365331452E-004     13.920392623951857          2.1777687295809319E-004    -1.6201108873333838E-002     1.2827988753732816E-004    -5.9744361814661389          3.3639325730800550E-002     7.5491908915238520E-002    -1.7405731105032924E-002     1.3916879737128123E-004     3.9966428557297910E-004     8.1110452288467930E-002
   123.30000000000000         0.64144884338387342          2.4557344818286248E-005    -7.2212332679604599E-003     1.8332742349462197E-004     13.931759849165690          2.1777401642159990E-004    -1.6206859240104576E-002     1.2827217794282220E-004    -5.9788417427872060          3.3651771206331581E-002     7.5524685374157810E-002    -1.7411907960600798E-002     1.3916156517528543E-004     3.9965354814984499E-004     8.1145656698227667E-002
   123.32500000000000         0.64187100145933440          2.4554947720481976E-005    -7.2233325638637307E-003     1.8332014578492756E-004     13.943136361280748          2.1777116156152318E-004    -1.6212610519719037E-002     1.2826447078031599E-004    -5.9832502305825610          3.3664221566817476E-002     7.5557474898941004E-002    -1.7418085926566487E-002     1.3915433562505458E-004     3.9964281478100636E-004     8.1180875744794198E-002
   123.34999999999999         0.64229336801999892          2.4552551505205759E-005    -7.2254321390238319E-003     1.8331287052496164E-004     13.954522170279976          2.1776830837929917E-004    -1.6218362712414832E-002     1.2825676604997965E-004    -5.9876616472151527          3.3676676817192691E-002     7.5590277501950451E-002    -1.7424265003225733E-002     1.3914710872064658E-004     3.9963208546874056E-004     8.1216109441777762E-002
   123.37500000000000         0.64271594314766012          2.4550156172247257E-005    -7.2275319935477828E-003     1.8330559771542217E-004     13.965917286162691          2.1776545687628228E-004    -1.6224115818428152E-002     1.2824906375210287E-004    -5.9920759950512563          3.3689136962444272E-002     7.5623093195558974E-002    -1.7430445190870537E-002     1.3913988446223290E-004     3.9962136021521574E-004     8.1251357802790192E-002
   123.40000000000001         0.64313872692412954          2.4547761721331292E-005    -7.2296321275315267E-003     1.8329832735701666E-004     13.977321718944575          2.1776260705394455E-004    -1.6229869837995691E-002     1.2824136388682618E-004    -5.9964932764602468          3.3701602007515916E-002     7.5655921992162381E-002    -1.7436626489799243E-002     1.3913266284986317E-004     3.9961063902271761E-004     8.1286620841495238E-002
   123.42500000000000         0.64356171943126916          2.4545368152225488E-005    -7.2317325410783759E-003     1.8329105945047433E-004     13.988735478657720          2.1775975891365283E-004    -1.6235624771355969E-002     1.2823366645439902E-004    -6.0009134938147497          3.3714071957393017E-002     7.5688763904183401E-002    -1.7442808900304890E-002     1.3912544388365697E-004     3.9959992189345848E-004     8.1321898571551920E-002
   123.45000000000000         0.64398492075097358          2.4542975464686565E-005    -7.2338332342898491E-003     1.8328379399647972E-004     14.000158575350699          2.1775691245679116E-004    -1.6241380618744968E-002     1.2822597145502665E-004    -6.0053366494905758          3.3726546817060332E-002     7.5721618944051633E-002    -1.7448992422681893E-002     1.3911822756371259E-004     3.9958920882961793E-004     8.1357191006645985E-002
   123.47499999999999         0.64440833096516392          2.4540583658460310E-005    -7.2359342072655123E-003     1.8327653099576392E-004     14.011591019088558          2.1775406768481195E-004    -1.6247137380401486E-002     1.2821827888890691E-004    -6.0097627458666825          3.3739026591501811E-002     7.5754487124230899E-002    -1.7455177057228183E-002     1.3911101389012481E-004     3.9957849983348915E-004     8.1392498160502799E-002
   123.50000000000000         0.64483195015582084          2.4538192733308413E-005    -7.2380354601077898E-003     1.8326927044902470E-004     14.023032819952867          2.1775122459908615E-004    -1.6252895056562609E-002     1.2821058875626105E-004    -6.0141917853253455          3.3751511285722006E-002     7.5787368457195498E-002    -1.7461362804237771E-002     1.3910380286299921E-004     3.9956779490725333E-004     8.1427820046849217E-002
   123.52500000000001         0.64525577840493953          2.4535802688981643E-005    -7.2401369929172271E-003     1.8326201235697591E-004     14.034483988041799          2.1774838320100338E-004    -1.6258653647466745E-002     1.2820290105729088E-004    -6.0186237702519616          3.3764000904724797E-002     7.5820262955445111E-002    -1.7467549664005967E-002     1.3909659448242017E-004     3.9955709405312649E-004     8.1463156679439208E-002
   123.55000000000000         0.64567981579456690          2.4533413525246655E-005    -7.2422388057971120E-003     1.8325475672032314E-004     14.045944533470076          2.1774554349199564E-004    -1.6264413153351850E-002     1.2819521579223125E-004    -6.0230587030352085          3.3776495453534575E-002     7.5853170631497116E-002    -1.7473737636830567E-002     1.3908938874852730E-004     3.9954639727335443E-004     8.1498508072060022E-002
   123.57500000000000         0.64610406240677298          2.4531025241859238E-005    -7.2443408988488479E-003     1.8324750353977494E-004     14.057414466369131          2.1774270547346336E-004    -1.6270173574456110E-002     1.2818753296129257E-004    -6.0274965860669418          3.3788994937175236E-002     7.5886091497890676E-002    -1.7479926723007671E-002     1.3908218566142136E-004     3.9953570457015706E-004     8.1533874238513354E-002
   123.59999999999999         0.64652851832368308          2.4528637838564063E-005    -7.2464432721721503E-003     1.8324025281603754E-004     14.068893796887027          2.1773986914677560E-004    -1.6275934911018319E-002     1.2817985256465762E-004    -6.0319374217423256          3.3801499360669812E-002     7.5919025567184606E-002    -1.7486116922832484E-002     1.3907498522116311E-004     3.9952501594572225E-004     8.1569255192615125E-002
   123.62500000000000         0.64695318362744891          2.4526251315121879E-005    -7.2485459258693277E-003     1.8323300454982738E-004     14.080382535188583          2.1773703451336910E-004    -1.6281697163277521E-002     1.2817217460255043E-004    -6.0363812124597356          3.3814008729062130E-002     7.5951972851961480E-002    -1.7492308236603530E-002     1.3906778742787832E-004     3.9951433140231174E-004     8.1604650948221349E-002
   123.65000000000001         0.64737805840025275          2.4523865671282405E-005    -7.2506488600408946E-003     1.8322575874183956E-004     14.091880691455341          2.1773420157459919E-004    -1.6287460331471888E-002     1.2816449907516019E-004    -6.0408279606207538          3.3826523047395349E-002     7.5984933364818069E-002    -1.7498500664615422E-002     1.3906059228163529E-004     3.9950365094208837E-004     8.1640061519189636E-002
   123.67500000000000         0.64780314272433193          2.4521480906811251E-005    -7.2527520747901761E-003     1.8321851539278438E-004     14.103388275885672          2.1773137033191344E-004    -1.6293224415840909E-002     1.2815682598271897E-004    -6.0452776686303089          3.3839042320733315E-002     7.6017907118376568E-002    -1.7504694207168214E-002     1.3905339978257571E-004     3.9949297456731659E-004     8.1675486919424001E-002
   123.70000000000000         0.64822843668193786          2.4519097021476540E-005    -7.2548555702207961E-003     1.8321127450337659E-004     14.114905298694781          2.1772854078665373E-004    -1.6298989416624124E-002     1.2814915532546596E-004    -6.0497303388964907          3.3851566554150003E-002     7.6050894125281196E-002    -1.7510888864555919E-002     1.3904620993080888E-004     3.9948230228016785E-004     8.1710927162823979E-002
   123.72499999999999         0.64865394035537893          2.4516714015008519E-005    -7.2569593464301332E-003     1.8320403607430954E-004     14.126431770114730          2.1772571294027921E-004    -1.6304755334060415E-002     1.2814148710354255E-004    -6.0541859738307471          3.3864095752697394E-002     7.6083894398190494E-002    -1.7517084637079829E-002     1.3903902272639090E-004     3.9947163408289848E-004     8.1746382263341993E-002
   123.75000000000000         0.64907965382700206          2.4514331887193610E-005    -7.2590634035251140E-003     1.8319680010629147E-004     14.137967700394512          2.1772288679411701E-004    -1.6310522168389616E-002     1.2813382131722728E-004    -6.0586445758478140          3.3876629921480238E-002     7.6116907949788482E-002    -1.7523281525033921E-002     1.3903183816947170E-004     3.9946096997765893E-004     8.1781852234919281E-002
   123.77500000000001         0.64950557717917046          2.4511950637753568E-005    -7.2611677416016046E-003     1.8318956660003560E-004     14.149513099800055          2.1772006234963752E-004    -1.6316289919851994E-002     1.2812615796664841E-004    -6.0631061473656107          3.3889169065560054E-002     7.6149934792781399E-002    -1.7529479528720301E-002     1.3902465626008928E-004     3.9945030996673715E-004     8.1817337091556835E-002
   123.80000000000000         0.64993171049429765          2.4509570266466297E-005    -7.2632723607651004E-003     1.8318233555623890E-004     14.161067978614307          2.1771723960817936E-004    -1.6322058588686968E-002     1.2811849705205911E-004    -6.0675706908054146          3.3901713190051176E-002     7.6182974939891665E-002    -1.7535678648433927E-002     1.3901747699837592E-004     3.9943965405228138E-004     8.1852836847244592E-002
   123.82500000000000         0.65035805385484535          2.4507190773098874E-005    -7.2653772611193908E-003     1.8317510697560832E-004     14.172632347137224          2.1771441857117369E-004    -1.6327828175135162E-002     1.2811083857369065E-004    -6.0720382085918514          3.3914262300067555E-002     7.6216028403865640E-002    -1.7541878884475611E-002     1.3901030038446970E-004     3.9942900223653634E-004     8.1888351516019378E-002
   123.84999999999999         0.65078460734328913          2.4504812157393713E-005    -7.2674824427639085E-003     1.8316788085884778E-004     14.184206215685840          2.1771159923999513E-004    -1.6333598679436616E-002     1.2810318253171448E-004    -6.0765087031527401          3.3926816400711685E-002     7.6249095197469904E-002    -1.7548080237142546E-002     1.3900312641842552E-004     3.9941835452169056E-004     8.1923881111926153E-002
   123.87500000000000         0.65121137104216242          2.4502434419122803E-005    -7.2695879058033491E-003     1.8316065720665848E-004     14.195789594594309          2.1770878161601065E-004    -1.6339370101832076E-002     1.2809552892637029E-004    -6.0809821769193162          3.3939375497117875E-002     7.6282175333491256E-002    -1.7554282706732552E-002     1.3899595510037045E-004     3.9940771090992306E-004     8.1959425649031414E-002
   123.90000000000001         0.65163834503401386          2.4500057558019873E-005    -7.2716936503356986E-003     1.8315343601975058E-004     14.207382494213910          2.1770596570068067E-004    -1.6345142442562344E-002     1.2808787775781056E-004    -6.0854586323260209          3.3951939594398191E-002     7.6315268824740268E-002    -1.7560486293547999E-002     1.3898878643036779E-004     3.9939707140350801E-004     8.1994985141448443E-002
   123.92500000000000         0.65206552940146145          2.4497681573861900E-005    -7.2737996764666328E-003     1.8314621729881997E-004     14.218984924913135          2.1770315149533285E-004    -1.6350915701868394E-002     1.2808022902628359E-004    -6.0899380718107796          3.3964508697707431E-002     7.6348375684044470E-002    -1.7566690997885187E-002     1.3898162040854270E-004     3.9938643600458167E-004     8.2030559603279651E-002
   123.95000000000000         0.65249292422713678          2.4495306466414588E-005    -7.2759059842996696E-003     1.8313900104457130E-004     14.230596897077714          2.1770033900141362E-004    -1.6356689879991029E-002     1.2807258273201389E-004    -6.0944204978147356          3.3977082812199737E-002     7.6381495924255374E-002    -1.7572896820046167E-002     1.3897445703503405E-004     3.9937580471539907E-004     8.2066149048681244E-002
   123.97499999999999         0.65292052959370217          2.4492932235405650E-005    -7.2780125739320021E-003     1.8313178725770012E-004     14.242218421110600          2.1769752822026152E-004    -1.6362464977171365E-002     1.2806493887513272E-004    -6.0989059127823451          3.3989661943007191E-002     7.6414629558242686E-002    -1.7579103760328028E-002     1.3896729630984554E-004     3.9936517753810579E-004     8.2101753491804805E-002
   124.00000000000000         0.65334834558387700          2.4490558880619258E-005    -7.2801194454704503E-003     1.8312457593892359E-004     14.253849507432097          2.1769471915328314E-004    -1.6368240993651723E-002     1.2805729745591222E-004    -6.1033943191614997          3.4002246095315304E-002     7.6447776598904352E-002    -1.7585311819031439E-002     1.3896013823314811E-004     3.9935455447493340E-004     8.2137372946842868E-002
   124.02500000000001         0.65377637228042274          2.4488186401815038E-005    -7.2822265990178181E-003     1.8311736708893187E-004     14.265490166479859          2.1769191180190289E-004    -1.6374017929673353E-002     1.2804965847455541E-004    -6.1078857194034750          3.4014835274298376E-002     7.6480937059151280E-002    -1.7591520996458831E-002     1.3895298280505687E-004     3.9934393552810049E-004     8.2173007428015948E-002
   124.05000000000000         0.65420460976611261          2.4485814798755000E-005    -7.2843340346771110E-003     1.8311016070842939E-004     14.277140408708895          2.1768910616746311E-004    -1.6379795785478008E-002     1.2804202193127624E-004    -6.1123801159627753          3.4027429485140898E-002     7.6514110951920261E-002    -1.7597731292907592E-002     1.3894583002566302E-004     3.9933332069976501E-004     8.2208656949546613E-002
   124.07500000000000         0.65463305812376926          2.4483444071176694E-005    -7.2864417525473207E-003     1.8310295679811254E-004     14.288800244591686          2.1768630225139855E-004    -1.6385574561307549E-002     1.2803438782622739E-004    -6.1168775112973401          3.4040028733016273E-002     7.6547298290167085E-002    -1.7603942708681011E-002     1.3893867989502897E-004     3.9932270999216171E-004     8.2244321525705003E-002
   124.09999999999999         0.65506171743626451          2.4481074218846819E-005    -7.2885497527324919E-003     1.8309575535868585E-004     14.300469684618164          2.1768350005506236E-004    -1.6391354257404581E-002     1.2802675615963303E-004    -6.1213779078685402          3.4052633023129601E-002     7.6580499086871437E-002    -1.7610155244078038E-002     1.3893153241326136E-004     3.9931210340745813E-004     8.2280001170763506E-002
   124.12500000000000         0.65549058778649061          2.4478705241548477E-005    -7.2906580353393948E-003     1.8308855639085150E-004     14.312148739295772          2.1768069957984920E-004    -1.6397134874011520E-002     1.2801912693175419E-004    -6.1258813081410395          3.4065242360707508E-002     7.6613713355034072E-002    -1.7616368899399951E-002     1.3892438758052300E-004     3.9930150094785770E-004     8.2315695899028915E-002
   124.15000000000001         0.65591966925738698          2.4476337138999170E-005    -7.2927666004636666E-003     1.8308135989530223E-004     14.323837419149498          2.1767790082714782E-004    -1.6402916411370465E-002     1.2801150014269357E-004    -6.1303877145829437          3.4077856750932584E-002     7.6646941107674227E-002    -1.7622583674948029E-002     1.3891724539680830E-004     3.9929090261554769E-004     8.2351405724830004E-002
   124.17500000000000         0.65634896193192371          2.4473969910986691E-005    -7.2948754482130267E-003     1.8307416587273956E-004     14.335535734721924          2.1767510379836383E-004    -1.6408698869724528E-002     1.2800387579272213E-004    -6.1348971296657240          3.4090476199052130E-002     7.6680182357835636E-002    -1.7628799571024992E-002     1.3891010586229569E-004     3.9928030841274078E-004     8.2387130662523803E-002
   124.20000000000000         0.65677846589311806          2.4471603557287794E-005    -7.2969845786932984E-003     1.8306697432386899E-004     14.347243696573306          2.1767230849484572E-004    -1.6414482249316940E-002     1.2799625388208594E-004    -6.1394095558642983          3.4103100710313160E-002     7.6713437118584957E-002    -1.7635016587930243E-002     1.3890296897711458E-004     3.9926971834160056E-004     8.2422870726476055E-002
   124.22499999999999         0.65720818122402724          2.4469238077613653E-005    -7.2990939919991889E-003     1.8305978524937858E-004     14.358961315281517          2.1766951491803459E-004    -1.6420266550390406E-002     1.2798863441086956E-004    -6.1439249956570103          3.4115730289918614E-002     7.6746705403005350E-002    -1.7641234725969023E-002     1.3889583474126159E-004     3.9925913240435750E-004     8.2458625931100468E-002
   124.25000000000000         0.65763810800771916          2.4466873471759436E-005    -7.3012036882396268E-003     1.8305259864997354E-004     14.370688601442179          2.1766672306923872E-004    -1.6426051773188389E-002     1.2798101737936124E-004    -6.1484434515254875          3.4128364943147263E-002     7.6779987224206855E-002    -1.7647453985438818E-002     1.3888870315489796E-004     3.9924855060313730E-004     8.2494396290800034E-002
   124.27500000000001         0.65806824632734240          2.4464509739495491E-005    -7.3033136675195974E-003     1.8304541452634208E-004     14.382425565668665          2.1766393294990984E-004    -1.6431837917954124E-002     1.2797340278778371E-004    -6.1529649259549997          3.4141004675266581E-002     7.6813282595316390E-002    -1.7653674366646055E-002     1.3888157421817357E-004     3.9923797294017996E-004     8.2530181820038878E-002
   124.30000000000000         0.65849859626603480          2.4462146880553914E-005    -7.3054239299372688E-003     1.8303823287919456E-004     14.394172218592141          2.1766114456139179E-004    -1.6437624984931822E-002     1.2796579063627811E-004    -6.1574894214340077          3.4153649491521873E-002     7.6846591529489333E-002    -1.7659895869890689E-002     1.3887444793110230E-004     3.9922739941764917E-004     8.2565982533276988E-002
   124.32500000000000         0.65892915790701234          2.4459784894696330E-005    -7.3075344755961259E-003     1.8303105370921939E-004     14.405928570861645          2.1765835790507051E-004    -1.6443412974364965E-002     1.2795818092504579E-004    -6.1620169404546159          3.4166299397190743E-002     7.6879914039896510E-002    -1.7666118495475801E-002     1.3886732429378785E-004     3.9921683003772435E-004     8.2601798445009547E-002
   124.34999999999999         0.65935993133351811          2.4457423781714059E-005    -7.3096453046047399E-003     1.8302387701711387E-004     14.417694633144057          2.1765557298237580E-004    -1.6449201886497764E-002     1.2795057365436085E-004    -6.1665474855123126          3.4178954397583262E-002     7.6913250139733352E-002    -1.7672342243707086E-002     1.3886020330642474E-004     3.9920626480263396E-004     8.2637629569766946E-002
   124.37500000000000         0.65979091662881995          2.4455063541332747E-005    -7.3117564170603663E-003     1.8301670280358408E-004     14.429470416124204          2.1765278979462825E-004    -1.6454991721575062E-002     1.2794296882434619E-004    -6.1710810591059957          3.4191614497965352E-002     7.6946599842220118E-002    -1.7678567114884240E-002     1.3885308496900132E-004     3.9919570371451535E-004     8.2673475922075371E-002
   124.40000000000001         0.66022211387623198          2.4452704173348469E-005    -7.3138678130723915E-003     1.8300953106930795E-004     14.441255930504868          2.1765000834324209E-004    -1.6460782479839939E-002     1.2793536643527842E-004    -6.1756176637380520          3.4204279703668204E-002     7.6979963160590609E-002    -1.7684793109312265E-002     1.3884596928171819E-004     3.9918514677556174E-004     8.2709337516509510E-002
   124.42500000000000         0.66065352315909753          2.4450345677491739E-005    -7.3159794927390338E-003     1.8300236181499740E-004     14.453051187006848          2.1764722862959856E-004    -1.6466574161538308E-002     1.2792776648729324E-004    -6.1801573019143046          3.4216950019978973E-002     7.7013340108111006E-002    -1.7691020227295066E-002     1.3883885624459759E-004     3.9917459398797249E-004     8.2745214367659720E-002
   124.45000000000000         0.66108514456081902          2.4447988053536298E-005    -7.3180914561659267E-003     1.8299519504133541E-004     14.464856196369004          2.1764445065507179E-004    -1.6472366766914003E-002     1.2792016898061586E-004    -6.1846999761441568          3.4229625452228227E-002     7.7046730698061089E-002    -1.7697248469135899E-002     1.3883174585776852E-004     3.9916404535390870E-004     8.2781106490138784E-002
   124.47499999999999         0.66151697816482324          2.4445631301244669E-005    -7.3202037034568717E-003     1.8298803074902784E-004     14.476670969348278          2.1764167442102754E-004    -1.6478160296212910E-002     1.2791257391545373E-004    -6.1892456889404244          3.4242306005746272E-002     7.7080134943749601E-002    -1.7703477835138228E-002     1.3882463812132841E-004     3.9915350087554852E-004     8.2817013898581648E-002
   124.50000000000000         0.66194902405456424          2.4443275420381708E-005    -7.3223162347159651E-003     1.8298086893876216E-004     14.488495516719746          2.1763889992884960E-004    -1.6483954749679515E-002     1.2790498129201217E-004    -6.1937944428193745          3.4254991685873995E-002     7.7113552858502396E-002    -1.7709708325606279E-002     1.3881753303538683E-004     3.9914296055506654E-004     8.2852936607652222E-002
   124.52500000000001         0.66238128231355609          2.4440920410701173E-005    -7.3244290500456017E-003     1.8297370961123027E-004     14.500329849276653          2.1763612717993922E-004    -1.6489750127559280E-002     1.2789739111047145E-004    -6.1983462403008671          3.4267682497952104E-002     7.7146984455668657E-002    -1.7715939940846071E-002     1.3881043060003136E-004     3.9913242439465805E-004     8.2888874632043558E-002
   124.55000000000000         0.66281375302534340          2.4438566271972796E-005    -7.3265421495508918E-003     1.8296655276712633E-004     14.512173977830498          2.1763335617566446E-004    -1.6495546430097811E-002     1.2788980337104998E-004    -6.2029010839082508          3.4280378447342920E-002     7.7180429748620896E-002    -1.7722172681161732E-002     1.3880333081537765E-004     3.9912189239649009E-004     8.2924827986464458E-002
   124.57500000000000         0.66324643627349400          2.4436213003954984E-005    -7.3286555333349195E-003     1.8295939840714680E-004     14.524027913211022          2.1763058691741131E-004    -1.6501343657540791E-002     1.2788221807393999E-004    -6.2074589761683008          3.4293079539408494E-002     7.7213888750754689E-002    -1.7728406546858401E-002     1.3879623368151929E-004     3.9911136456274854E-004     8.2960796685653052E-002
   124.59999999999999         0.66367933214162211          2.4433860606408672E-005    -7.3307692015013148E-003     1.8295224653199057E-004     14.535891666266266          2.1762781940650730E-004    -1.6507141810134535E-002     1.2787463521934006E-004    -6.2120199196113672          3.4305785779521661E-002     7.7247361475488982E-002    -1.7734641538238418E-002     1.3878913919853467E-004     3.9910084089556764E-004     8.2996780744356638E-002
   124.62500000000000         0.66411244071338915          2.4431509079110813E-005    -7.3328831541565479E-003     1.8294509714234159E-004     14.547765247862653          2.1762505364439821E-004    -1.6512940888124647E-002     1.2786705480748002E-004    -6.2165839167713717          3.4318497173077070E-002     7.7280847936260610E-002    -1.7740877655611088E-002     1.3878204736658545E-004     3.9909032139717466E-004     8.3032780177378321E-002
   124.65000000000001         0.66454576207249727          2.4429158421799699E-005    -7.3349973914004930E-003     1.8293795023889027E-004     14.559648668884968          2.1762228963239619E-004    -1.6518740891757509E-002     1.2785947683850092E-004    -6.2211509701857777          3.4331213725446980E-002     7.7314348146531139E-002    -1.7747114899278611E-002     1.3877495818568659E-004     3.9907980606967996E-004     8.3068794999510726E-002
   124.67500000000000         0.66497929630267050          2.4426808634257058E-005    -7.3371119133404071E-003     1.8293080582233154E-004     14.571541940236441          2.1761952737193142E-004    -1.6524541821279583E-002     1.2785190131264722E-004    -6.2257210823955198          3.4343935442047599E-002     7.7347862119786004E-002    -1.7753353269549625E-002     1.3876787165600587E-004     3.9906929491530794E-004     8.3104825225602322E-002
   124.70000000000000         0.66541304348766284          2.4424459716253324E-005    -7.3392267200816149E-003     1.8292366389336176E-004     14.583445072838801          2.1761676686435068E-004    -1.6530343676937672E-002     1.2784432823013727E-004    -6.2302942559450614          3.4356662328294992E-002     7.7381389869534065E-002    -1.7759592766728335E-002     1.3876078777765190E-004     3.9905878793620715E-004     8.3140870870504494E-002
   124.72499999999999         0.66584700371129735          2.4422111667534070E-005    -7.3413418117253704E-003     1.8291652445266796E-004     14.595358077632282          2.1761400811101824E-004    -1.6536146458978631E-002     1.2783675759112616E-004    -6.2348704933825472          3.4369394389593910E-002     7.7414931409303889E-002    -1.7765833391120693E-002     1.3875370655067645E-004     3.9904828513453219E-004     8.3176931949098143E-002
   124.75000000000000         0.66628117705742540          2.4419764487860784E-005    -7.3434571883755941E-003     1.8290938750093269E-004     14.607280965575693          2.1761125111334110E-004    -1.6541950167648818E-002     1.2782918939580444E-004    -6.2394497972596641          3.4382131631371028E-002     7.7448486752645554E-002    -1.7772075143034860E-002     1.3874662797518672E-004     3.9903778651247161E-004     8.3213008476300268E-002
   124.77500000000001         0.66671556360991935          2.4417418177011038E-005    -7.3455728501390042E-003     1.8290225303885948E-004     14.619213747646480          2.1760849587264177E-004    -1.6547754803196382E-002     1.2782162364440862E-004    -6.2440321701315868          3.4394874059074945E-002     7.7482055913138587E-002    -1.7778318022774697E-002     1.3873955205130029E-004     3.9902729207215925E-004     8.3249100467030837E-002
   124.80000000000000         0.66715016345270262          2.4415072734737520E-005    -7.3476887971180484E-003     1.8289512106713668E-004     14.631156434840687          2.1760574239033706E-004    -1.6553560365868449E-002     1.2781406033710981E-004    -6.2486176145571246          3.4407621678143110E-002     7.7515638904380527E-002    -1.7784562030649376E-002     1.3873247877910517E-004     3.9901680181579874E-004     8.3285207936259376E-002
   124.82500000000000         0.66758497666972250          2.4412728160808826E-005    -7.3498050294179239E-003     1.8288799158644749E-004     14.643109038173115          2.1760299066780940E-004    -1.6559366855912104E-002     1.2780649947411420E-004    -6.2532061330986259          3.4420374494034851E-002     7.7549235739990577E-002    -1.7790807166966481E-002     1.3872540815871724E-004     3.9900631574555658E-004     8.3321330898971827E-002
   124.84999999999999         0.66802000334499934          2.4410384455009771E-005    -7.3519215471468616E-003     1.8288086459748392E-004     14.655071568677291          2.1760024070638378E-004    -1.6565174273575591E-002     1.2779894105566908E-004    -6.2577977283221875          3.4433132512231707E-002     7.7582846433613614E-002    -1.7797053432030991E-002     1.3871834019027254E-004     3.9899583386355532E-004     8.3357469370163903E-002
   124.87500000000000         0.66845524356255370          2.4408041617058972E-005    -7.3540383504013896E-003     1.8287374010093389E-004     14.667044037405534          2.1759749250745226E-004    -1.6570982619106431E-002     1.2779138508186400E-004    -6.2623924027973450          3.4445895738170529E-002     7.7616470998916373E-002    -1.7803300826151197E-002     1.3871127487376315E-004     3.9898535617197508E-004     8.3393623364874436E-002
   124.90000000000001         0.66889069740647489          2.4405699646759657E-005    -7.3561554392929862E-003     1.8286661809748835E-004     14.679026455428986          2.1759474607237371E-004    -1.6576791892753278E-002     1.2778383155298824E-004    -6.2669901590973849          3.4458664177365907E-002     7.7650109449589569E-002    -1.7809549349634586E-002     1.3870421220938368E-004     3.9897488267296854E-004     8.3429792898158661E-002
   124.92500000000000         0.66932636496085407          2.4403358543862568E-005    -7.3582728139238067E-003     1.8285949858783346E-004     14.691018833837681          2.1759200140255010E-004    -1.6582602094763980E-002     1.2777628046920517E-004    -6.2715909997990424          3.4471437835298928E-002     7.7683761799345732E-002    -1.7815799002790501E-002     1.3869715219721088E-004     3.9896441336872220E-004     8.3465977985108603E-002
   124.95000000000000         0.66976224630986236          2.4401018308134535E-005    -7.3603904743990570E-003     1.8285238157265778E-004     14.703021183740587          2.1758925849932380E-004    -1.6588413225387275E-002     1.2776873183071666E-004    -6.2761949274828854          3.4484216717472857E-002     7.7717428061921431E-002    -1.7822049785925789E-002     1.3869009483734069E-004     3.9895394826137070E-004     8.3502178640825944E-002
   124.97499999999999         0.67019834153767299          2.4398678939344740E-005    -7.3625084208242134E-003     1.8284526705265208E-004     14.715033516265619          2.1758651736405535E-004    -1.6594225284871915E-002     1.2776118563773045E-004    -6.2808019447329393          3.4497000829401978E-002     7.7751108251077117E-002    -1.7828301699348213E-002     1.3868304012988120E-004     3.9894348735306699E-004     8.3538394880442679E-002
   125.00000000000000         0.67063465072851880          2.4396340437251159E-005    -7.3646266533029360E-003     1.8283815502849712E-004     14.727055842559723          2.1758377799814714E-004    -1.6600038273466414E-002     1.2775364189042339E-004    -6.2854120541369900          3.4509790176600670E-002     7.7784802380593557E-002    -1.7834554743368335E-002     1.3867598807492718E-004     3.9893303064599250E-004     8.3574626719127326E-002
   125.02500000000001         0.67107117396663285          2.4394002801612296E-005    -7.3667451719388868E-003     1.8283104550086935E-004     14.739088173787954          2.1758104040292900E-004    -1.6605852191419114E-002     1.2774610058897148E-004    -6.2900252582860769          3.4522584764592162E-002     7.7818510464273141E-002    -1.7840808918292532E-002     1.3866893867254783E-004     3.9892257814225587E-004     8.3610874172053165E-002
   125.05000000000000         0.67150791133607857          2.4391666032196738E-005    -7.3688639768367077E-003     1.8282393847039968E-004     14.751130521130731          2.1757830457969313E-004    -1.6611667038974643E-002     1.2773856173355639E-004    -6.2946415597731447          3.4535384598914261E-002     7.7852232515925060E-002    -1.7847064224423465E-002     1.3866189192282332E-004     3.9891212984388355E-004     8.3647137254402509E-002
   125.07500000000000         0.67194486292092659          2.4389330128759903E-005    -7.3709830680987274E-003     1.8281683393769647E-004     14.763182895786660          2.1757557052973426E-004    -1.6617482816376414E-002     1.2773102532431921E-004    -6.2992609611944461          3.4548189685102607E-002     7.7885968549374587E-002    -1.7853320662064041E-002     1.3865484782580060E-004     3.9890168575287951E-004     8.3683415981382431E-002
   125.09999999999999         0.67238202880529041          2.4386995091060018E-005    -7.3731024458277674E-003     1.8280973190337794E-004     14.775245308973536          2.1757283825434002E-004    -1.6623299523868602E-002     1.2772349136141116E-004    -6.3038834651499265          3.4561000028704304E-002     7.7919718578473463E-002    -1.7859578231516880E-002     1.3864780638153133E-004     3.9889124587125132E-004     8.3719710368223677E-002
   125.12500000000000         0.67281940907331705          2.4384660918843507E-005    -7.3752221101246445E-003     1.8280263236805560E-004     14.787317771928375          2.1757010775476284E-004    -1.6629117161695250E-002     1.2771595984495252E-004    -6.3085090742432000          3.4573815635266091E-002     7.7953482617095005E-002    -1.7865836933082954E-002     1.3864076759002389E-004     3.9888081020096708E-004     8.3756020430173633E-002
   125.15000000000001         0.67325700380919340          2.4382327611872988E-005    -7.3773420610930363E-003     1.8279553533234481E-004     14.799400295907454          2.1756737903232468E-004    -1.6634935730100862E-002     1.2770843077510296E-004    -6.3131377910815658          3.4586636510357198E-002     7.7987260679137346E-002    -1.7872096767067459E-002     1.3863373145135295E-004     3.9887037874406308E-004     8.3792346182523625E-002
   125.17500000000000         0.67369481309713197          2.4379995169913562E-005    -7.3794622988369567E-003     1.8278844079685553E-004     14.811492892186378          2.1756465208828724E-004    -1.6640755229329434E-002     1.2770090415202515E-004    -6.3177696182759622          3.4599462659558121E-002     7.8021052778520700E-002    -1.7878357733772030E-002     1.3862669796557746E-004     3.9885995150251366E-004     8.3828687640575300E-002
   125.20000000000000         0.67413283702139604          2.4377663592705092E-005    -7.3815828234562401E-003     1.8278134876220729E-004     14.823595572060112          2.1756192692393018E-004    -1.6646575659626420E-002     1.2769337997582575E-004    -6.3224045584410975          3.4612294088438127E-002     7.8054858929191853E-002    -1.7884619833500211E-002     1.3861966713269851E-004     3.9884952847831992E-004     8.3865044819660700E-002
   125.22499999999999         0.67457107566629604          2.4375332880017194E-005    -7.3837036350558475E-003     1.8277425922900103E-004     14.835708346843035          2.1755920354052410E-004    -1.6652397021235766E-002     1.2768585824667359E-004    -6.3270426141954186          3.4625130802600095E-002     7.8088679145115886E-002    -1.7890883066554748E-002     1.3861263895278934E-004     3.9883910967345495E-004     8.3901417735135667E-002
   125.25000000000000         0.67500952911614642          2.4373003031608217E-005    -7.3858247337386775E-003     1.8276717219785970E-004     14.847831227868991          2.1755648193935763E-004    -1.6658219314402953E-002     1.2767833896471935E-004    -6.3316837881609516          3.4637972807647063E-002     7.8122513440288366E-002    -1.7897147433239523E-002     1.3860561342590079E-004     3.9882869508993098E-004     8.3937806402386766E-002
   125.27500000000001         0.67544819745535156          2.4370674047238783E-005    -7.3879461196083964E-003     1.8276008766938254E-004     14.859964226491289          2.1755376212170995E-004    -1.6664042539372904E-002     1.2767082213010916E-004    -6.3363280829636732          3.4650820109193278E-002     7.8156361828721446E-002    -1.7903412933859039E-002     1.3859859055208591E-004     3.9881828472972661E-004     8.3974210836824215E-002
   125.30000000000000         0.67588708076829229          2.4368345926658169E-005    -7.3900677927662990E-003     1.8275300564418967E-004     14.872107354082830          2.1755104408890344E-004    -1.6669866696391075E-002     1.2766330774297013E-004    -6.3409755012330207          3.4663672712853158E-002     7.8190224324457783E-002    -1.7909679568719278E-002     1.3859157033138442E-004     3.9880787859488255E-004     8.4010631053895904E-002
   125.32500000000000         0.67632617913941928          2.4366018669604095E-005    -7.3921897533118855E-003     1.8274592612288999E-004     14.884260622036093          2.1754832784212462E-004    -1.6675691785702804E-002     1.2765579580339739E-004    -6.3456260456023115          3.4676530624241086E-002     7.8224100941560681E-002    -1.7915947338119274E-002     1.3858455276375721E-004     3.9879747668730150E-004     8.4047067069040027E-002
   125.34999999999999         0.67676549265324271          2.4363692275885533E-005    -7.3943120013573180E-003     1.8273884910609546E-004     14.896424041763206          2.1754561338272951E-004    -1.6681517807554457E-002     1.2764828631165460E-004    -6.3502797187087259          3.4689393849039137E-002     7.8257991694118234E-002    -1.7922216242368581E-002     1.3857753784940748E-004     3.9878707900904589E-004     8.4083518897765858E-002
   125.37500000000000         0.67720502139427463          2.4361366745217402E-005    -7.3964345369980210E-003     1.8273177459441855E-004     14.908597624695995          2.1754290071193902E-004    -1.6687344762191528E-002     1.2764077926778370E-004    -6.3549365231930270          3.4702262392861963E-002     7.8291896596243069E-002    -1.7928486281768106E-002     1.3857052558825014E-004     3.9877668556205417E-004     8.4119986555573401E-002
   125.40000000000001         0.67764476544707197          2.4359042077385726E-005    -7.3985573603420410E-003     1.8272470258846085E-004     14.920781382286009          2.1754018983106689E-004    -1.6693172649859721E-002     1.2763327467198905E-004    -6.3595964616997840          3.4715136261391867E-002     7.8325815662068615E-002    -1.7934757456625039E-002     1.3856351598041423E-004     3.9876629634833768E-004     8.4156470058013522E-002
   125.42500000000000         0.67808472489624250          2.4356718272123875E-005    -7.4006804714882562E-003     1.8271763308883951E-004     14.932975326004581          2.1753748074136736E-004    -1.6699001470805754E-002     1.2762577252435709E-004    -6.3642595368773840          3.4728015460277581E-002     7.8359748905757212E-002    -1.7941029767243259E-002     1.3855650902587353E-004     3.9875591136987056E-004     8.4192969420647981E-002
   125.45000000000000         0.67852489982642428          2.4354395329208836E-005    -7.4028038705431570E-003     1.8271056609616004E-004     14.945179467342918          2.1753477344413764E-004    -1.6704831225275749E-002     1.2761827282507164E-004    -6.3689257513779891          3.4740899995213091E-002     7.8393696341492083E-002    -1.7947303213929247E-002     1.3854950472472761E-004     3.9874553062865272E-004     8.4229484659076426E-002
   125.47499999999999         0.67896529032230479          2.4352073248392239E-005    -7.4049275576089360E-003     1.8270350161102874E-004     14.957393817812044          2.1753206794064044E-004    -1.6710661913516400E-002     1.2761077557425679E-004    -6.3735951078575788          3.4753789871881144E-002     7.8427657983481058E-002    -1.7953577796988102E-002     1.3854250307699907E-004     3.9873515412665387E-004     8.4266015788915918E-002
   125.50000000000000         0.67940589646858840          2.4349752029442019E-005    -7.4070515327904858E-003     1.8269643963406159E-004     14.969618388942992          2.1752936423215566E-004    -1.6716493535774708E-002     1.2760328077207836E-004    -6.3782676089758557          3.4766685095987543E-002     7.8461633845959361E-002    -1.7959853516725591E-002     1.3853550408275808E-004     3.9872478186586951E-004     8.4302562825814970E-002
   125.52500000000001         0.67984671835002097          2.4347431672100747E-005    -7.4091757961883805E-003     1.8268938016585657E-004     14.981853192286712          2.1752666231992859E-004    -1.6722326092296957E-002     1.2759578841863481E-004    -6.3829432573963345          3.4779585673226768E-002     7.8495623943181089E-002    -1.7966130373446038E-002     1.3852850774199757E-004     3.9871441384824332E-004     8.4339125785439353E-002
   125.55000000000000         0.68028775605141545          2.4345112176140848E-005    -7.4113003479085154E-003     1.8268232320703818E-004     14.994098239414186          2.1752396220524773E-004    -1.6728159583331501E-002     1.2758829851410513E-004    -6.3876220557864798          3.4792491609327500E-002     7.8529628289433093E-002    -1.7972408367456574E-002     1.3852151405480159E-004     3.9870405007578781E-004     8.4375704683493299E-002
   125.57500000000000         0.68072900965758942          2.4342793541323335E-005    -7.4134251880547154E-003     1.8267526875819512E-004     15.006353541916516          2.1752126388941770E-004    -1.6733994009124294E-002     1.2758081105862653E-004    -6.3923040068174357          3.4805402910018733E-002     7.8563646899015835E-002    -1.7978687499065251E-002     1.3851452302123115E-004     3.9869369055049096E-004     8.4412299535712304E-002
   125.59999999999999         0.68117047925340590          2.4340475767397712E-005    -7.4155503167288419E-003     1.8266821681994192E-004     15.018619111404881          2.1751856737365865E-004    -1.6739829369923354E-002     1.2757332605231906E-004    -6.3969891131642092          3.4818319581029600E-002     7.8597679786262434E-002    -1.7984967768575694E-002     1.3850753464128682E-004     3.9868333527429096E-004     8.4448910357836041E-002
   125.62500000000000         0.68161216492378296          2.4338158854129581E-005    -7.4176757340356564E-003     1.8266116739289697E-004     15.030894959510654          2.1751587265930890E-004    -1.6745665665977058E-002     1.2756584349534183E-004    -6.4016773775057239          3.4831241628112297E-002     7.8631726965531765E-002    -1.7991249176298449E-002     1.3850054891505304E-004     3.9867298424923906E-004     8.4485537165662941E-002
   125.65000000000001         0.68205406675366165          2.4335842801272992E-005    -7.4198014400778806E-003     1.8265412047764501E-004     15.043181097885428          2.1751317974757074E-004    -1.6751502897531911E-002     1.2755836338781268E-004    -6.4063688025246908          3.4844169057019127E-002     7.8665788451197358E-002    -1.7997531722536621E-002     1.3849356584253527E-004     3.9866263747722410E-004     8.4522179974982126E-002
   125.67500000000000         0.68249618482801755          2.4333527608598276E-005    -7.4219274349611184E-003     1.8264707607480737E-004     15.055477538201069          2.1751048863974037E-004    -1.6757341064836877E-002     1.2755088572990222E-004    -6.4110633909076586          3.4857101873525601E-002     7.8699864257668575E-002    -1.8003815407598850E-002     1.3848658542381419E-004     3.9865229496026134E-004     8.4558838801634825E-002
   125.70000000000000         0.68293851923187809          2.4331213275877913E-005    -7.4240537187913545E-003     1.8264003418498584E-004     15.067784292149760          2.1750779933707871E-004    -1.6763180168139678E-002     1.2754341052177750E-004    -6.4157611453451073          3.4870040083418777E-002     7.8733954399373862E-002    -1.8010100231791740E-002     1.3847960765896294E-004     3.9864195670031173E-004     8.4595513661480159E-002
   125.72499999999999         0.68338107005030313          2.4328899802845289E-005    -7.4261802916678697E-003     1.8263299480878427E-004     15.080101371444051          2.1750511184086412E-004    -1.6769020207688983E-002     1.2753593776351424E-004    -6.4204620685313634          3.4882983692463322E-002     7.8768058890767170E-002    -1.8016386195423843E-002     1.3847263254796149E-004     3.9863162269935496E-004     8.4632204570409097E-002
   125.75000000000000         0.68382383736838659          2.4326587189263698E-005    -7.4283071536950440E-003     1.8262595794681465E-004     15.092428787816923          2.1750242615239186E-004    -1.6774861183733392E-002     1.2752846745526112E-004    -6.4251661631646240          3.4895932706458355E-002     7.8802177746329929E-002    -1.8022673298803998E-002     1.3846566009087144E-004     3.9862129295939431E-004     8.4668911544344430E-002
   125.77500000000001         0.68426682127126481          2.4324275434912592E-005    -7.4304343049802508E-003     1.8261892359967019E-004     15.104766553021808          2.1749974227289675E-004    -1.6780703096521080E-002     1.2752099959719709E-004    -6.4298734319469970          3.4908887131226134E-002     7.8836310980562999E-002    -1.8028961542238542E-002     1.3845869028777379E-004     3.9861096748235717E-004     8.4705634599220231E-002
   125.80000000000000         0.68471002184411744          2.4321964539546032E-005    -7.4325617456264172E-003     1.8261189176797211E-004     15.117114678832673          2.1749706020363039E-004    -1.6786545946302040E-002     1.2751353418945203E-004    -6.4345838775845117          3.4921846972577941E-002     7.8870458608000918E-002    -1.8035250926034772E-002     1.3845172313869085E-004     3.9860064627021674E-004     8.4742373751002575E-002
   125.82500000000000         0.68515343917214633          2.4319654502906488E-005    -7.4346894757343698E-003     1.8260486245230359E-004     15.129473177044058          2.1749437994591280E-004    -1.6792389733323830E-002     1.2750607123211265E-004    -6.4392975027870447          3.4934812236325309E-002     7.8904620643191703E-002    -1.8041541450503906E-002     1.3844475864363952E-004     3.9859032932496735E-004     8.4779129015703170E-002
   125.84999999999999         0.68559707334061359          2.4317345324780372E-005    -7.4368174954128280E-003     1.8259783565328884E-004     15.141842059471090          2.1749170150095224E-004    -1.6798234457837211E-002     1.2749861072538550E-004    -6.4440143102684733          3.4947782928325948E-002     7.8938797100721242E-002    -1.8047833115951439E-002     1.3843779680270844E-004     3.9858001664854522E-004     8.4815900409331541E-002
   125.87500000000000         0.68604092443480114          2.4315037004914673E-005    -7.4389458047635134E-003     1.8259081137151392E-004     15.154221337949613          2.1748902487005083E-004    -1.6804080120090423E-002     1.2749115266936814E-004    -6.4487343027465354          3.4960759054415057E-002     7.8972987995188981E-002    -1.8054125922688180E-002     1.3843083761591921E-004     3.9856970824293081E-004     8.4852687947949854E-002
   125.90000000000001         0.68648499254003903          2.4312729543086573E-005    -7.4410744038934766E-003     1.8258378960759843E-004     15.166611024336163          2.1748635005447556E-004    -1.6809926720334007E-002     1.2748369706424258E-004    -6.4534574829429463          3.4973740620462664E-002     7.9007193341230200E-002    -1.8060419871023074E-002     1.3842388108335779E-004     3.9855940411010941E-004     8.4889491647638871E-002
   125.92500000000000         0.68692927774169465          2.4310422939033797E-005    -7.4432032929029491E-003     1.8257677036213167E-004     15.179011130508028          2.1748367705548498E-004    -1.6815774258817043E-002     1.2747624391008509E-004    -6.4581838535833551          3.4986727632316209E-002     7.9041413153496012E-002    -1.8066714961265218E-002     1.3841692720500617E-004     3.9854910425202471E-004     8.4926311524504541E-002
   125.95000000000000         0.68737378012517991          2.4308117192537940E-005    -7.4453324718998610E-003     1.8256975363572893E-004     15.191421668363372          2.1748100587432856E-004    -1.6821622735790333E-002     1.2746879320708532E-004    -6.4629134173974006          3.4999720095869422E-002     7.9075647446671338E-002    -1.8073011193723138E-002     1.3840997598095456E-004     3.9853880867064009E-004     8.4963147594678323E-002
   125.97499999999999         0.68781849977592291          2.4305812303355265E-005    -7.4474619409876644E-003     1.8256273942897542E-004     15.203842649821176          2.1747833651229807E-004    -1.6827472151502855E-002     1.2746134495536071E-004    -6.4676461771185778          3.5012718017005132E-002     7.9109896235457208E-002    -1.8079308568708041E-002     1.3840302741124387E-004     3.9852851736792545E-004     8.4999999874330989E-002
   126.00000000000000         0.68826343677941715          2.4303508271258107E-005    -7.4495917002727029E-003     1.8255572774248966E-004     15.216274086821393          2.1747566897062479E-004    -1.6833322506205877E-002     1.2745389915507966E-004    -6.4723821354844810          3.5025721401629566E-002     7.9144159534590600E-002    -1.8085607086527792E-002     1.3839608149593394E-004     3.9851823034583095E-004     8.5036868379645150E-002
   126.02500000000001         0.68870859122117511          2.4301205095993282E-005    -7.4517217498569288E-003     1.8254871857686456E-004     15.228715991324917          2.1747300325060813E-004    -1.6839173800149682E-002     1.2744645580633939E-004    -6.4771212952365937          3.5038730255637855E-002     7.9178437358826265E-002    -1.8091906747494897E-002     1.3838913823504368E-004     3.9850794760634093E-004     8.5073753126849491E-002
   126.05000000000000         0.68915396318675981          2.4298902777310014E-005    -7.4538520898426120E-003     1.8254171193270171E-004     15.241168375313677          2.1747033935346126E-004    -1.6845026033584613E-002     1.2743901490924595E-004    -6.4818636591204450          3.5051744584937268E-002     7.9212729722947309E-002    -1.8098207551916445E-002     1.3838219762856728E-004     3.9849766915137037E-004     8.5110654132177860E-002
   126.07500000000000         0.68959955276177254          2.4296601315015175E-005    -7.4559827203423499E-003     1.8253470781060365E-004     15.253631250790686          2.1746767728049105E-004    -1.6850879206761895E-002     1.2743157646404141E-004    -6.4866092298855573          3.5064764395492984E-002     7.9247036641762997E-002    -1.8104509500105778E-002     1.3837525967667902E-004     3.9848739498292093E-004     8.5147571411917367E-002
   126.09999999999999         0.69004536003183958          2.4294300708834710E-005    -7.4581136414543624E-003     1.8252770621117416E-004     15.266104629780097          2.1746501703296967E-004    -1.6856733319932524E-002     1.2742414047077700E-004    -6.4913580102854098          3.5077789693213332E-002     7.9281358130108864E-002    -1.8110812592373900E-002     1.3836832437933450E-004     3.9847712510296352E-004     8.5184504982374051E-002
   126.12500000000000         0.69049138508264429          2.4292000958538425E-005    -7.4602448532847653E-003     1.8252070713501060E-004     15.278588524327221          2.1746235861208276E-004    -1.6862588373347729E-002     1.2741670692960412E-004    -6.4961100030775656          3.5090820484053063E-002     7.9315694202844372E-002    -1.8117116829027669E-002     1.3836139173656955E-004     3.9846685951338228E-004     8.5221454859859033E-002
   126.15000000000001         0.69093762799989666          2.4289702063898361E-005    -7.4623763559400246E-003     1.8251371058271201E-004     15.291082946498625          2.1745970201918720E-004    -1.6868444367258782E-002     1.2740927584067995E-004    -6.5008652110235792          3.5103856773979147E-002     7.9350044874855488E-002    -1.8123422210383586E-002     1.3835446174848725E-004     3.9845659821622059E-004     8.5258421060757816E-002
   126.17500000000000         0.69138408886935854          2.4287404024674993E-005    -7.4645081495246417E-003     1.8250671655487894E-004     15.303587908382143          2.1745704725544999E-004    -1.6874301301917326E-002     1.2740184720413445E-004    -6.5056236368890801          3.5116898568959144E-002     7.9384410161054617E-002    -1.8129728736747744E-002     1.3834753441509273E-004     3.9844634121334886E-004     8.5295403601433381E-002
   126.20000000000000         0.69183076777679586          2.4285106840644959E-005    -7.4666402341458712E-003     1.8249972505211267E-004     15.316103422086982          2.1745439432218421E-004    -1.6880159177575113E-002     1.2739442102013571E-004    -6.5103852834435996          3.5129945874984317E-002     7.9418790076380655E-002    -1.8136036408434555E-002     1.3834060973648440E-004     3.9843608850677190E-004     8.5332402498316390E-002
   126.22499999999999         0.69227766480807174          2.4282810511545462E-005    -7.4687726099043191E-003     1.8249273607500200E-004     15.328629499743689          2.1745174322066699E-004    -1.6886017994483776E-002     1.2738699728875297E-004    -6.5151501534609801          3.5142998698023439E-002     7.9453184635794608E-002    -1.8142345225757240E-002     1.3833368771264741E-004     3.9842584009844870E-004     8.5369417767856476E-002
   126.25000000000000         0.69272478004901594          2.4280515037143703E-005    -7.4709052769054689E-003     1.8248574962416285E-004     15.341166153504323          2.1744909395208961E-004    -1.6891877752895908E-002     1.2737957601013708E-004    -6.5199182497187955          3.5156057044080535E-002     7.9487593854292410E-002    -1.8148655189023182E-002     1.3832676834361207E-004     3.9841559599028712E-004     8.5406449426508907E-002
   126.27500000000001         0.69317211358557329          2.4278220417236929E-005    -7.4730382352606768E-003     1.8247876570017985E-004     15.353713395542368          2.1744644651776259E-004    -1.6897738453063624E-002     1.2737215718449662E-004    -6.5246895749990488          3.5169120919194982E-002     7.9522017746886317E-002    -1.8154966298548333E-002     1.3831985162952794E-004     3.9840535618427229E-004     8.5443497490789541E-002
   126.30000000000000         0.69361966550367171          2.4275926651541287E-005    -7.4751714850665868E-003     1.8247178430365785E-004     15.366271238052914          2.1744380091893585E-004    -1.6903600095239408E-002     1.2736474081185637E-004    -6.5294641320875622          3.5182190329349064E-002     7.9556456328621461E-002    -1.8161278554644191E-002     1.3831293757031598E-004     3.9839512068235388E-004     8.5480561977226990E-002
   126.32500000000000         0.69406743588928654          2.4273633739858564E-005    -7.4773050264350990E-003     1.8246480543518976E-004     15.378839693252640          2.1744115715684973E-004    -1.6909462679675458E-002     1.2735732689243812E-004    -6.5342419237742879          3.5195265280606756E-002     7.9590909614565414E-002    -1.8167591957622235E-002     1.3830602616611169E-004     3.9838488948646045E-004     8.5517642902375970E-002
   126.34999999999999         0.69451542482845463          2.4271341681937133E-005    -7.4794388594688543E-003     1.8245782909538170E-004     15.391418773379863          2.1743851523276111E-004    -1.6915326206625520E-002     1.2734991542634249E-004    -6.5390229528533750          3.5208345778997951E-002     7.9625377619816751E-002    -1.8173906507795646E-002     1.3829911741692022E-004     3.9837466259854976E-004     8.5554740282824643E-002
   126.37500000000000         0.69496363240724246          2.4269050477555533E-005    -7.4815729842757535E-003     1.8245085528482212E-004     15.404008490694645          2.1743587514794311E-004    -1.6921190676341905E-002     1.2734250641373364E-004    -6.5438072221230561          3.5221431830588130E-002     7.9659860359494683E-002    -1.8180222205478304E-002     1.3829221132282931E-004     3.9836444002057505E-004     8.5591854135194573E-002
   126.40000000000001         0.69541205871174194          2.4266760126452685E-005    -7.4837074009566759E-003     1.8244388400410577E-004     15.416608857478797          2.1743323690366013E-004    -1.6927056089077630E-002     1.2733509985468440E-004    -6.5485947343855999          3.5234523441420272E-002     7.9694357848747358E-002    -1.8186539050983878E-002     1.3828530788382234E-004     3.9835422175448843E-004     8.5628984476133985E-002
   126.42500000000000         0.69586070382809329          2.4264470628411567E-005    -7.4858421096203531E-003     1.8243691525383533E-004     15.429219886035931          2.1743060050111437E-004    -1.6932922445086367E-002     1.2732769574937440E-004    -6.5533854924474531          3.5247620617584491E-002     7.9728870102751828E-002    -1.8192857044622649E-002     1.3827840709997239E-004     3.9834400780219299E-004     8.5666131322303454E-002
   126.45000000000000         0.69630956784248055          2.4262181983189435E-005    -7.4879771103710680E-003     1.8242994903460753E-004     15.441841588691579          2.1742796594162919E-004    -1.6938789744621863E-002     1.2732029409791943E-004    -6.5581794991192268          3.5260723365160083E-002     7.9763397136710143E-002    -1.8199176186712407E-002     1.3827150897133031E-004     3.9833379816569647E-004     8.5703294690425591E-002
   126.47499999999999         0.69675865084111188          2.4259894190559917E-005    -7.4901124033158652E-003     1.8242298534701365E-004     15.454473977793139          2.1742533322638766E-004    -1.6944657987937175E-002     1.2731289490047168E-004    -6.5629767572155915          3.5273831690250501E-002     7.9797938965849524E-002    -1.8205496477562508E-002     1.3826461349793825E-004     3.9832359284687214E-004     8.5740474597214247E-002
   126.50000000000000         0.69720795291025672          2.4257607250298729E-005    -7.4922479885624746E-003     1.8241602419165139E-004     15.467117065710058          2.1742270235669406E-004    -1.6950527175286969E-002     1.2730549815719017E-004    -6.5677772695555037          3.5286945598971588E-002     7.9832495605426018E-002    -1.8211817917490616E-002     1.3825772067988673E-004     3.9831339184771098E-004     8.5777671059445518E-002
   126.52500000000001         0.69765747413620272          2.4255321162142030E-005    -7.4943838662113122E-003     1.8240906556911946E-004     15.479770864833773          2.1742007333376469E-004    -1.6956397306924963E-002     1.2729810386814057E-004    -6.5725810389619603          3.5300065097416664E-002     7.9867067070722997E-002    -1.8218140506808238E-002     1.3825083051713396E-004     3.9830319517012428E-004     8.5814884093901062E-002
   126.55000000000000         0.69810721460529246          2.4253035925883961E-005    -7.4965200363733518E-003     1.8240210948000473E-004     15.492435387577814          2.1741744615888389E-004    -1.6962268383105154E-002     1.2729071203352026E-004    -6.5773880682622190          3.5313190191738224E-002     7.9901653377046966E-002    -1.8224464245831972E-002     1.3824394300980999E-004     3.9829300281607265E-004     8.5852113717410389E-002
   126.57500000000000         0.69855717440389009          2.4250751541265056E-005    -7.4986564991499525E-003     1.8239515592490698E-004     15.505110646377906          2.1741482083330161E-004    -1.6968140404082243E-002     1.2728332265340487E-004    -6.5821983602876415          3.5326320888054562E-002     7.9936254539735879E-002    -1.8230789134876274E-002     1.3823705815789575E-004     3.9828281478749910E-004     8.5889359946823340E-002
   126.59999999999999         0.69900735361841182          2.4248468008070153E-005    -7.5007932546504114E-003     1.8238820490442084E-004     15.517796653691919          2.1741219735823097E-004    -1.6974013370110824E-002     1.2727593572797198E-004    -6.5870119178738369          3.5339457192531697E-002     7.9970870574152864E-002    -1.8237115174253818E-002     1.3823017596147167E-004     3.9827263108630699E-004     8.5926622799009533E-002
   126.62500000000000         0.69945775233531593          2.4246185326058056E-005    -7.5029303029794719E-003     1.8238125641913363E-004     15.530493422000017          2.1740957573497980E-004    -1.6979887281445349E-002     1.2726855125733439E-004    -6.5918287438606340          3.5352599111324649E-002     8.0005501495686290E-002    -1.8243442364283064E-002     1.3822329642058557E-004     3.9826245171447862E-004     8.5963902290893693E-002
   126.65000000000001         0.69990837064108780          2.4243903495004054E-005    -7.5050676442447615E-003     1.8237431046964816E-004     15.543200963804663          2.1740695596471704E-004    -1.6985762138341295E-002     1.2726116924164965E-004    -6.5966488410920148          3.5365746650612928E-002     8.0040147319756366E-002    -1.8249770705274504E-002     1.3821641953527729E-004     3.9825227667388496E-004     8.6001198439392926E-002
   126.67500000000000         0.70035920862225698          2.4241622514657502E-005    -7.5072052785493523E-003     1.8236736705655327E-004     15.555919291630678          2.1740433804878263E-004    -1.6991637941053465E-002     1.2725378968100808E-004    -6.6014722124162075          3.5378899816565085E-002     8.0074808061806488E-002    -1.8256100197548801E-002     1.3820954530558181E-004     3.9824210596653962E-004     8.6038511261500403E-002
   126.70000000000000         0.70081026636540478          2.4239342384798132E-005    -7.5093432060018422E-003     1.8236042618044549E-004     15.568648418025349          2.1740172198835166E-004    -1.6997514689837671E-002     1.2724641257557428E-004    -6.6062988606857340          3.5392058615385955E-002     8.0109483737309875E-002    -1.8262430841417654E-002     1.3820267373155205E-004     3.9823193959431211E-004     8.6075840774194626E-002
   126.72499999999999         0.70126154395711648          2.4237063105179748E-005    -7.5114814267060208E-003     1.8235348784190859E-004     15.581388355558397          2.1739910778474560E-004    -1.7003392384948409E-002     1.2723903792544601E-004    -6.6111287887571857          3.5405223053269430E-002     8.0144174361762965E-002    -1.8268762637200734E-002     1.3819580481322721E-004     3.9822177755919274E-004     8.6113186994523652E-002
   126.75000000000000         0.70171304148406444          2.4234784675600313E-005    -7.5136199407738347E-003     1.8234655204154605E-004     15.594139116822113          2.1739649543914543E-004    -1.7009271026642410E-002     1.2723166573083301E-004    -6.6159619994916330          3.5418393136457366E-002     8.0178879950696322E-002    -1.8275095585210632E-002     1.3818893855070859E-004     3.9821161986306408E-004     8.6150549939527754E-002
   126.77500000000001         0.70216475903292608          2.4232507095790242E-005    -7.5157587483051045E-003     1.8233961877993628E-004     15.606900714431374          2.1739388495280152E-004    -1.7015150615174692E-002     1.2722429599177476E-004    -6.6207984957542454          3.5431568871145722E-002     8.0213600519659950E-002    -1.8281429685763895E-002     1.3818207494394977E-004     3.9820146650784461E-004     8.6187929626295900E-002
   126.80000000000000         0.70261669669042459          2.4230230365537952E-005    -7.5178978494099399E-003     1.8233268805768356E-004     15.619673161023693          2.1739127632703124E-004    -1.7021031150801839E-002     1.2721692870845791E-004    -6.6256382804144911          3.5444750263590091E-002     8.0248336084239785E-002    -1.8287764939180804E-002     1.3817521399307625E-004     3.9819131749554309E-004     8.6225326071965674E-002
   126.82500000000000         0.70306885454332901          2.4227954484606235E-005    -7.5200372441940090E-003     1.8232575987537402E-004     15.632456469259326          2.1738866956298700E-004    -1.7026912633779739E-002     1.2720956388100074E-004    -6.6304813563461584          3.5457937320035500E-002     8.0283086660043815E-002    -1.8294101345772709E-002     1.3816835569808864E-004     3.9818117282799595E-004     8.6262739293660073E-002
   126.84999999999999         0.70352123267844890          2.4225679452759903E-005    -7.5221769327634492E-003     1.8231883423359946E-004     15.645250651821240          2.1738606466199288E-004    -1.7032795064365207E-002     1.2720220150952809E-004    -6.6353277264273132          3.5471130046739588E-002     8.0317852262709488E-002    -1.8300438905861475E-002     1.3816150005905429E-004     3.9817103250720391E-004     8.6300169308579061E-002
   126.87500000000000         0.70397383118261436          2.4223405269766027E-005    -7.5243169152245772E-003     1.8231191113295220E-004     15.658055721415289          2.1738346162523381E-004    -1.7038678442814415E-002     1.2719484159417010E-004    -6.6401773935402497          3.5484328449972964E-002     8.0352632907902649E-002    -1.8306777619760194E-002     1.3815464707599593E-004     3.9816089653504005E-004     8.6337616133915399E-002
   126.90000000000001         0.70442665014272010          2.4221131935394017E-005    -7.5264571916844186E-003     1.8230499057401940E-004     15.670871690770147          2.1738086045398829E-004    -1.7044562769384201E-002     1.2718748413505967E-004    -6.6450303605716803          3.5497532536019109E-002     8.0387428611315079E-002    -1.8313117487788532E-002     1.3814779674897599E-004     3.9815076491345772E-004     8.6375079786917552E-002
   126.92500000000000         0.70487968964568548          2.4218859449429337E-005    -7.5285977622527381E-003     1.8229807255738741E-004     15.683698572637478          2.1737826114949892E-004    -1.7050448044331028E-002     1.2718012913236719E-004    -6.6498866304125723          3.5510742311186186E-002     8.0422239388666536E-002    -1.8319458510263724E-002     1.3814094907808438E-004     3.9814063764437616E-004     8.6412560284855097E-002
   126.95000000000000         0.70533294977847949          2.4216587811603615E-005    -7.5307386270298494E-003     1.8229115708365566E-004     15.696536379791898          2.1737566371302455E-004    -1.7056334267912976E-002     1.2717277658614047E-004    -6.6547462059582676          3.5523957781748002E-002     8.0457065255709032E-002    -1.8325800687504765E-002     1.3813410406327960E-004     3.9813051472974381E-004     8.6450057645032524E-002
   126.97499999999999         0.70578643062809254          2.4214317021706740E-005    -7.5328797861263083E-003     1.8228424415340570E-004     15.709385125031091          2.1737306814573627E-004    -1.7062221440386376E-002     1.2716542649655736E-004    -6.6596090901083613          3.5537178954038559E-002     8.0491906228216906E-002    -1.8332144019825018E-002     1.3812726170463703E-004     3.9812039617140841E-004     8.6487571884761139E-002
   127.00000000000000         0.70624013228157190          2.4212047079516922E-005    -7.5350212396507943E-003     1.8227733376723114E-004     15.722244821175877          2.1737047444897735E-004    -1.7068109562009222E-002     1.2715807886377263E-004    -6.6644752857668861          3.5550405834393208E-002     8.0526762321996778E-002    -1.8338488507548760E-002     1.3812042200226382E-004     3.9811028197138946E-004     8.6525103021430169E-002
   127.02500000000001         0.70669405482600145          2.4209777984786288E-005    -7.5371629877073075E-003     1.8227042592571926E-004     15.735115481070199          2.1736788262392468E-004    -1.7073998633039093E-002     1.2715073368787640E-004    -6.6693447958422132          3.5563638429136409E-002     8.0561633552881470E-002    -1.8344834150990610E-002     1.3811358495614061E-004     3.9810017213154602E-004     8.6562651072414148E-002
   127.05000000000000         0.70714819834849341          2.4207509737297348E-005    -7.5393050304052517E-003     1.8226352062945787E-004     15.747997117581269          2.1736529267182340E-004    -1.7079888653733666E-002     1.2714339096903037E-004    -6.6742176232470323          3.5576876744629449E-002     8.0596519936732267E-002    -1.8351180950469323E-002     1.3810675056634986E-004     3.9809006665380040E-004     8.6600216055137388E-002
   127.07500000000000         0.70760256293621548          2.4205242336806746E-005    -7.5414473678494997E-003     1.8225661787904187E-004     15.760889743599559          2.1736270459393471E-004    -1.7085779624351399E-002     1.2713605070733763E-004    -6.6790937708984934          3.5590120787223019E-002     8.0631421489441191E-002    -1.8357528906304869E-002     1.3809991883291392E-004     3.9807996554009739E-004     8.6637797987059548E-002
   127.09999999999999         0.70805714867635716          2.4202975783087222E-005    -7.5435900001477553E-003     1.8224971767504566E-004     15.773793372038909          2.1736011839148378E-004    -1.7091671545149439E-002     1.2712871290293038E-004    -6.6839732417180464          3.5603370563292616E-002     8.0666338226922443E-002    -1.8363878018815234E-002     1.3809308975588262E-004     3.9806986879232619E-004     8.6675396885661643E-002
   127.12500000000000         0.70851195565616687          2.4200710075913794E-005    -7.5457329274083050E-003     1.8224282001806389E-004     15.786708015836552          2.1735753406573771E-004    -1.7097564416386865E-002     1.2712137755595428E-004    -6.6888560386316316          3.5616626079226950E-002     8.0701270165124989E-002    -1.8370228288321518E-002     1.3808626333532674E-004     3.9805977641243627E-004     8.6713012768467226E-002
   127.15000000000001         0.70896698396291014          2.4198445215035538E-005    -7.5478761497346425E-003     1.8223592490869138E-004     15.799633687953195          2.1735495161787549E-004    -1.7103458238322478E-002     1.2711404466649303E-004    -6.6937421645694979          3.5629887341404133E-002     8.0736217320026685E-002    -1.8376579715139361E-002     1.3807943957121904E-004     3.9804968840229598E-004     8.6750645653007163E-002
   127.17500000000000         0.70942223368391999          2.4196181200245916E-005    -7.5500196672384041E-003     1.8222903234750278E-004     15.812570401373033          2.1735237104922238E-004    -1.7109353011214377E-002     1.2710671423472688E-004    -6.6986316224664364          3.5643154356251039E-002     8.0771179707627566E-002    -1.8382932299593622E-002     1.3807261846369767E-004     3.9803960476388642E-004     8.6788295556883555E-002
   127.20000000000000         0.70987770490654334          2.4193918031312333E-005    -7.5521634800264628E-003     1.8222214233509334E-004     15.825518169103907          2.1734979236096320E-004    -1.7115248735321848E-002     1.2709938626078229E-004    -6.7035244152615627          3.5656427130183993E-002     8.0806157343963153E-002    -1.8389286042000897E-002     1.3806580001278390E-004     3.9802952549908180E-004     8.6825962497691714E-002
   127.22499999999999         0.71033339771818438          2.4191655708004548E-005    -7.5543075882062239E-003     1.8221525487203803E-004     15.838477004177243          2.1734721555432464E-004    -1.7121145410903271E-002     1.2709206074478267E-004    -6.7084205458985018          3.5669705669632609E-002     8.0841150245091281E-002    -1.8395640942680640E-002     1.3805898421851971E-004     3.9801945060977226E-004     8.6863646493069727E-002
   127.25000000000000         0.71078931220626840          2.4189394230066172E-005    -7.5564519918803873E-003     1.8220836995893759E-004     15.851446919648216          2.1734464063057559E-004    -1.7127043038218919E-002     1.2708473768679952E-004    -6.7133200173252536          3.5682989981015829E-002     8.0876158427107006E-002    -1.8401997001954988E-002     1.3805217108089535E-004     3.9800938009791452E-004     8.6901347560698922E-002
   127.27500000000001         0.71124544845827753          2.4187133597313433E-005    -7.5585966911646939E-003     1.8220148759637398E-004     15.864427928595733          2.1734206759094869E-004    -1.7132941617527781E-002     1.2707741708706830E-004    -6.7182228324943480          3.5696280070825502E-002     8.0911181906128393E-002    -1.8408354220143967E-002     1.3804536060007326E-004     3.9799931396541216E-004     8.6939065718282346E-002
   127.30000000000000         0.71170180656173598          2.4184873809480337E-005    -7.5607416861602815E-003     1.8219460778492186E-004     15.877420044122529          2.1733949643666645E-004    -1.7138841149088990E-002     1.2707009894562639E-004    -6.7231289943628010          3.5709575945495314E-002     8.0946220698300209E-002    -1.8414712597567745E-002     1.3803855277600208E-004     3.9798925221415051E-004     8.6976800983552038E-002
   127.32500000000000         0.71215838660418496          2.4182614866345129E-005    -7.5628869769760881E-003     1.8218773052518250E-004     15.890423279355259          2.1733692716896681E-004    -1.7144741633163225E-002     1.2706278326262620E-004    -6.7280385058920151          3.5722877611507955E-002     8.0981274819804952E-002    -1.8421072134547127E-002     1.3803174760874883E-004     3.9797919484605809E-004     8.7014553374276132E-002
   127.34999999999999         0.71261518867322915          2.4180356767674325E-005    -7.5650325637191176E-003     1.8218085581772378E-004     15.903437647444486          2.1733435978910423E-004    -1.7150643070009488E-002     1.2705547003817857E-004    -6.7329513700479842          3.5736185075347690E-002     8.1016344286843733E-002    -1.8427432831404487E-002     1.3802494509835615E-004     3.9796914186304277E-004     8.7052322908259039E-002
   127.37500000000000         0.71307221285649847          2.4178099513264607E-005    -7.5671784465016871E-003     1.8217398366313965E-004     15.916463161564783          2.1733179429829638E-004    -1.7156545459888251E-002     1.2704815927247571E-004    -6.7378675898011355          3.5749498343535933E-002     8.1051429115655146E-002    -1.8433794688459827E-002     1.3801814524493048E-004     3.9795909326700569E-004     8.7090109603327276E-002
   127.40000000000001         0.71352945924167610          2.4175843102858552E-005    -7.5693246254266043E-003     1.8216711406201787E-004     15.929499834914822          2.1732923069777674E-004    -1.7162448803060417E-002     1.2704085096557898E-004    -6.7427871681264850          3.5762817422559837E-002     8.1086529322505277E-002    -1.8440157706034983E-002     1.3801134804844559E-004     3.9794904905985642E-004     8.7127913477343624E-002
   127.42500000000000         0.71398692791645779          2.4173587536243230E-005    -7.5714711006044724E-003     1.8216024701493225E-004     15.942547680717364          2.1732666898876876E-004    -1.7168353099785521E-002     1.2703354511764894E-004    -6.7477101080034299          3.5776142318955845E-002     8.1121644923685274E-002    -1.8446521884450763E-002     1.3800455350898496E-004     3.9793900924347983E-004     8.7165734548200313E-002
   127.45000000000000         0.71444461896862932          2.4171332813179549E-005    -7.5736178721415321E-003     1.8215338252247672E-004     15.955606712219407          2.1732410917253776E-004    -1.7174258350325333E-002     1.2702624172879196E-004    -6.7526364124161562          3.5789473039249911E-002     8.1156775935522077E-002    -1.8452887224031395E-002     1.3799776162658016E-004     3.9792897381982071E-004     8.7203572833833287E-002
   127.47499999999999         0.71490253248595703          2.4169078933444635E-005    -7.5757649401466008E-003     1.8214652058522434E-004     15.968676942692156          2.1732155125031268E-004    -1.7180164554939519E-002     1.2701894079914381E-004    -6.7575660843530940          3.5802809589993462E-002     8.1191922374365760E-002    -1.8459253725098251E-002     1.3799097240129097E-004     3.9791894279076802E-004     8.7241428352200751E-002
   127.50000000000000         0.71536066855628500          2.4166825896818002E-005    -7.5779123047292453E-003     1.8213966120376847E-004     15.981758385431167          2.1731899522328511E-004    -1.7186071713890170E-002     1.2701164232885393E-004    -6.7624991268074224          3.5816151977751620E-002     8.1227084256602369E-002    -1.8465621387971708E-002     1.3798418583316956E-004     3.9790891615819779E-004     8.7279301121283168E-002
   127.52500000000001         0.71581902726749169          2.4164573703052923E-005    -7.5800599659942344E-003     1.8213280437868247E-004     15.994851053756374          2.1731644109271639E-004    -1.7191979827437795E-002     1.2700434631800106E-004    -6.7674355427768651          3.5829500209078963E-002     8.1262261598641389E-002    -1.8471990212975967E-002     1.3797740192222612E-004     3.9789889392402859E-004     8.7317191159112517E-002
   127.55000000000000         0.71627760870747625          2.4162322351932998E-005    -7.5822079240517636E-003     1.8212595011055154E-004     16.007954961012125          2.1731388885988203E-004    -1.7197888895843855E-002     1.2699705276673993E-004    -6.7723753352636136          3.5842854290567647E-002     8.1297454416926013E-002    -1.8478360200436215E-002     1.3797062066855291E-004     3.9788887609020504E-004     8.7355098483757318E-002
   127.57500000000000         0.71673641296421797          2.4160071843229979E-005    -7.5843561790101231E-003     1.8211909839996795E-004     16.021070120567302          2.1731133852591705E-004    -1.7203798919370912E-002     1.2698976167519987E-004    -6.7773185072746536          3.5856214228811557E-002     8.1332662727931479E-002    -1.8484731350670188E-002     1.3796384207216160E-004     3.9787886265854914E-004     8.7393023113279913E-002
   127.59999999999999         0.71719544012568681          2.4157822176703576E-005    -7.5865047309752022E-003     1.8211224924749074E-004     16.034196545815313          2.1730879009212900E-004    -1.7209709898278865E-002     1.2698247304346785E-004    -6.7822650618213256          3.5869580030406072E-002     8.1367886548152316E-002    -1.8491103664005245E-002     1.3795706613309474E-004     3.9786885363100627E-004     8.7430965065823027E-002
   127.62500000000000         0.71765469027992379          2.4155573352143918E-005    -7.5886535800585740E-003     1.8210540265372414E-004     16.047334250174270          2.1730624355971052E-004    -1.7215621832831270E-002     1.2697518687172055E-004    -6.7872150019197415          3.5882951701984495E-002     8.1403125894127737E-002    -1.8497477140762691E-002     1.3795029285143100E-004     3.9785884900946452E-004     8.7468924359530520E-002
   127.65000000000001         0.71811416351500768          2.4153325369329119E-005    -7.5908027263696777E-003     1.8209855861923288E-004     16.060483247086893          2.1730369892989588E-004    -1.7221534723289245E-002     1.2696790316008998E-004    -6.7921683305906004          3.5896329250181713E-002     8.1438380782414332E-002    -1.8503851781266574E-002     1.3794352222723329E-004     3.9784884879580720E-004     8.7506901012590455E-002
   127.67500000000000         0.71857385991905698          2.4151078228011217E-005    -7.5929521700132509E-003     1.8209171714460743E-004     16.073643550020694          2.1730115620393473E-004    -1.7227448569915739E-002     1.2696062190865624E-004    -6.7971250508592505          3.5909712681622262E-002     8.1473651229607078E-002    -1.8510227585841924E-002     1.3793675426050316E-004     3.9783885299196007E-004     8.7544895043228224E-002
   127.70000000000000         0.71903377958021164          2.4148831927958451E-005    -7.5951019110968897E-003     1.8208487823043149E-004     16.086815172468043          2.1729861538304112E-004    -1.7233363372973227E-002     1.2695334311753483E-004    -6.8020851657555870          3.5923102002956550E-002     8.1508937252329203E-002    -1.8516604554811716E-002     1.3792998895127069E-004     3.9782886159980797E-004     8.7582906469692384E-002
   127.72499999999999         0.71949392258667089          2.4146586468969544E-005    -7.5972519497338464E-003     1.8207804187727431E-004     16.099998127946130          2.1729607646844330E-004    -1.7239279132723728E-002     1.2694606678690707E-004    -6.8070486783142501          3.5936497220872929E-002     8.1544238867229599E-002    -1.8522982688500333E-002     1.3792322629964856E-004     3.9781887462123349E-004     8.7620935310268655E-002
   127.75000000000000         0.71995428902666680          2.4144341850802912E-005    -7.5994022860300893E-003     1.8207120808571859E-004     16.113192429997142          2.1729353946135994E-004    -1.7245195849430295E-002     1.2693879291686381E-004    -6.8120155915745064          3.5949898342037372E-002     8.1579556090991864E-002    -1.8529361987231770E-002     1.3791646630564300E-004     3.9780889205812435E-004     8.7658981583273135E-002
   127.77500000000001         0.72041487898848444          2.4142098073233122E-005    -7.6015529200945588E-003     1.8206437685634611E-004     16.126398092188261          2.1729100436302491E-004    -1.7251113523356090E-002     1.2693152150753352E-004    -6.8169859085803610          3.5963305373141713E-002     8.1614888940329935E-002    -1.8535742451331095E-002     1.3790970896930668E-004     3.9779891391238163E-004     8.7697045307059587E-002
   127.80000000000000         0.72087569256043060          2.4139855136037028E-005    -7.6037038520366286E-003     1.8205754818973805E-004     16.139615128111739          2.1728847117468818E-004    -1.7257032154764543E-002     1.2692425255904927E-004    -6.8219596323804206          3.5976718320891811E-002     8.1650237431987946E-002    -1.8542124081124690E-002     1.3790295429070380E-004     3.9778894018592000E-004     8.7735126500019453E-002
   127.82500000000000         0.72133672983085917          2.4137613038979426E-005    -7.6058550819634351E-003     1.8205072208646872E-004     16.152843551384986          2.1728593989753565E-004    -1.7262951743918408E-002     1.2691698607151259E-004    -6.8269367660280142          3.5990137191995307E-002     8.1685601582738673E-002    -1.8548506876934993E-002     1.3789620226984452E-004     3.9777897088058773E-004     8.7773225180560077E-002
   127.84999999999999         0.72179799088816321          2.4135371781841328E-005    -7.6080066099851766E-003     1.8204389854711866E-004     16.166083375650608          2.1728341053282250E-004    -1.7268872291081500E-002     1.2690972204506507E-004    -6.8319173125811803          3.6003561993185898E-002     8.1720981409387439E-002    -1.8554890839089195E-002     1.3788945290680503E-004     3.9776900599830354E-004     8.7811341367141346E-002
   127.87500000000000         0.72225947582078120          2.4133131364391788E-005    -7.6101584362099168E-003     1.8203707757226702E-004     16.179334614576518          2.1728088308173949E-004    -1.7274793796517630E-002     1.2690246047981958E-004    -6.8369012751027087          3.6016992731199238E-002     8.1756376928770275E-002    -1.8561275967910844E-002     1.3788270620160786E-004     3.9775904554092506E-004     8.7849475078239217E-002
   127.90000000000001         0.72272118471719193          2.4130891786416080E-005    -7.6123105607486686E-003     1.8203025916249273E-004     16.192597281855917          2.1727835754557301E-004    -1.7280716260490797E-002     1.2689520137592659E-004    -6.8418886566601023          3.6030429412797042E-002     8.1791788157753717E-002    -1.8567662263729297E-002     1.3787596215435080E-004     3.9774908951039744E-004     8.7887626332389487E-002
   127.92500000000000         0.72318311766590326          2.4128653047673257E-005    -7.6144629837076984E-003     1.8202344331837373E-004     16.205871391207424          2.1727583392546634E-004    -1.7286639683265041E-002     1.2688794473347367E-004    -6.8468794603255638          3.6043872044730793E-002     8.1827215113235041E-002    -1.8574049726865712E-002     1.3786922076501347E-004     3.9773913790853315E-004     8.7925795148122363E-002
   127.95000000000000         0.72364527475547746          2.4126415147952899E-005    -7.6166157051988613E-003     1.8201663004048792E-004     16.219156956375173          2.1727331222273647E-004    -1.7292564065104599E-002     1.2688069055262038E-004    -6.8518736891761192          3.6057320633790482E-002     8.1862657812142692E-002    -1.8580438357651656E-002     1.3786248203371537E-004     3.9772919073730414E-004     8.7963981544050052E-002
   127.97499999999999         0.72410765607450456          2.4124178087018258E-005    -7.6187687253292504E-003     1.8200981932940476E-004     16.232453991128768          2.1727079243850537E-004    -1.7298489406273401E-002     1.2687343883345994E-004    -6.8568713462934934          3.6070775186755749E-002     8.1898116271433438E-002    -1.8586828156407557E-002     1.3785574596043862E-004     3.9771924799849364E-004     8.8002185538764641E-002
   128.00000000000000         0.72457026171163141          2.4121941864634772E-005    -7.6209220442064801E-003     1.8200301118571457E-004     16.245762509263489          2.1726827457406857E-004    -1.7304415707037175E-002     1.2686618957609891E-004    -6.8618724347642681          3.6084235710420506E-002     8.1933590508101936E-002    -1.8593219123464486E-002     1.3784901254523308E-004     3.9770930969406710E-004     8.8040407150940386E-002
