   123.00000000000000          1.8538452708420805E-002     3.0819815938617514E-007    -1.4010480525558752E-004     1.6640904695276284E-005     5.8221930799386108          1.3015745290313358E-008    -9.5578364061285593E-004     4.4787041062425558E-006   -0.65706757969553409          2.4829020680566605E-003     1.6938156915485870E-002    -2.8520830508772761E-005     1.2663929953697675E-007     9.2329228810135733E-007     5.0543897417261398E-004
   123.02500000000001          1.8577865290460262E-002     3.0872568447666520E-007    -1.4037432723762615E-004     1.6669661894517883E-005     5.8358572704501430          1.3038059804000705E-008    -9.5763814844814616E-004     4.4864138399814535E-006   -0.65853707632835945          2.4879526643185172E-003     1.6972892607231668E-002    -2.8575762495400888E-005     1.2685624088400414E-007     9.2488256467652468E-007     5.0646828253070038E-004
   123.05000000000000          1.8617328888142031E-002     3.0925358148301208E-007    -1.4064412294441411E-004     1.6698440045977547E-005     5.8495440572738771          1.3060390139131747E-008    -9.5949457993246303E-004     4.4941291164858243E-006   -0.66000874406312082          2.4930093716521531E-003     1.7007671048509500E-002    -2.8630750438489570E-005     1.2707333562243929E-007     9.2647398682250808E-007     5.0749883932825295E-004
   123.07500000000000          1.8656843524121072E-002     3.0978185010937874E-007    -1.4091419236457057E-004     1.6727239134324255E-005     5.8632534666641147          1.3082736283285026E-008    -9.6135293505549880E-004     4.5018499315553527E-006   -0.66148258471349897          2.4980721928929361E-003     1.7042492260255913E-002    -2.8685794335990891E-005     1.2729058363108030E-007     9.2806655367530661E-007     5.0853064514889631E-004
   123.09999999999999          1.8696409221050734E-002     3.1031049005896398E-007    -1.4118453548642092E-004     1.6756059144223143E-005     5.8769855249121976          1.3105098224018367E-008    -9.6321321380638935E-004     4.5095762809822773E-006   -0.66295860009490826          2.5031411308751778E-003     1.7077356263427042E-002    -2.8740894185819887E-005     1.2750798478842655E-007     9.2966026437008239E-007     5.0956370057644786E-004
   123.12500000000000          1.8736026001574799E-002     3.1083950103463230E-007    -1.4145515229811487E-004     1.6784900060342650E-005     5.8907402583465984          1.3127475948901497E-008    -9.6507541617371476E-004     4.5173081605568698E-006   -0.66443679202435912          2.5082161884347949E-003     1.7112263079002564E-002    -2.8796049985885883E-005     1.2772553897296693E-007     9.3125511804250254E-007     5.1059800619559028E-004
   123.15000000000001          1.8775693888321610E-002     3.1136888274140416E-007    -1.4172604278819617E-004     1.6813761867344430E-005     5.9045176933329628          1.3149869445482880E-008    -9.6693954214501518E-004     4.5250455660838361E-006   -0.66591716232035525          2.5132973684198387E-003     1.7147212727980202E-002    -2.8851261734049143E-005     1.2794324606352857E-007     9.3285111382729518E-007     5.1163356259119016E-004
   123.17500000000000          1.8815412903917698E-002     3.1189863488084338E-007    -1.4199720694432609E-004     1.6842644549893129E-005     5.9183178562742791          1.3172278701356502E-008    -9.6880559170754135E-004     4.5327884933435732E-006   -0.66739971280314325          2.5183846736667975E-003     1.7182205231381222E-002    -2.8906529428210836E-005     1.2816110593845212E-007     9.3444825086085548E-007     5.1267037034967325E-004
   123.20000000000000          1.8855183070975726E-002     3.1242875715729607E-007    -1.4226864475471484E-004     1.6871548092649864E-005     5.9321407736108869          1.3194703704045576E-008    -9.7067356484764947E-004     4.5405369381358386E-006   -0.66888444529450031          2.5234781070269607E-003     1.7217240610246903E-002    -2.8961853066166971E-005     1.2837911847630316E-007     9.3604652827700669E-007     5.1370843005663872E-004
   123.22499999999999          1.8895004412104482E-002     3.1295924927414999E-007    -1.4254035620727578E-004     1.6900472480266514E-005     5.9459864718206612          1.3217144441134972E-008    -9.7254346155094121E-004     4.5482908962522220E-006   -0.67037136161791699          2.5285776713506337E-003     1.7252318885635290E-002    -2.9017232645771097E-005     1.2859728355575167E-007     9.3764594521145388E-007     5.1474774229958017E-004
   123.25000000000000          1.8934876949897633E-002     3.1349011093507738E-007    -1.4281234128986584E-004     1.6929417697406946E-005     5.9598549774191021          1.3239600900188739E-008    -9.7441528180252800E-004     4.5560503634879849E-006   -0.67186046359840423          2.5336833694924081E-003     1.7287440078633455E-002    -2.9072668164827173E-005     1.2881560105542440E-007     9.3924650079951350E-007     5.1578830766619622E-004
   123.27500000000001          1.8974800706945353E-002     3.1402134184279524E-007    -1.4308459999005051E-004     1.6958383728719274E-005     5.9737463169593044          1.3262073068749858E-008    -9.7628902558660909E-004     4.5638153356293494E-006   -0.67335175306269646          2.5387952043058964E-003     1.7322604210341614E-002    -2.9128159621102078E-005     1.2903407085364934E-007     9.4084819417531377E-007     5.1683012674438259E-004
   123.30000000000000          1.9014775705826031E-002     3.1455294170155318E-007    -1.4335713229565624E-004     1.6987370558864106E-005     5.9876605170322401          1.3284560934406588E-008    -9.7816469288706381E-004     4.5715858084751878E-006   -0.67484523183911838          2.5439131786543106E-003     1.7357811301889452E-002    -2.9183707012393768E-005     1.2925269282928972E-007     9.4245102447491325E-007     5.1787320012360396E-004
   123.32500000000000          1.9054801969112977E-002     3.1508491021338503E-007    -1.4362993819390396E-004     1.7016378172486007E-005     6.0015976042667267          1.3307064484693053E-008    -9.8004228368673077E-004     4.5793617778062893E-006   -0.67634090175770201          2.5490372953945835E-003     1.7393061374419851E-002    -2.9239310336421836E-005     1.2947146686049035E-007     9.4405499083202171E-007     5.1891752839284871E-004
   123.34999999999999          1.9094879519363346E-002     3.1561724708313081E-007    -1.4390301767256829E-004     1.7045406554239107E-005     6.0155576053295512          1.3329583707188791E-008    -9.8192179796798029E-004     4.5871432394247823E-006   -0.67783876464999437          2.5541675573986398E-003     1.7428354449103581E-002    -2.9294969590935065E-005     1.2969039282619267E-007     9.4566009238219956E-007     5.1996311214267917E-004
   123.37500000000000          1.9135008379134691E-002     3.1614995201339712E-007    -1.4417637071882533E-004     1.7074455688770686E-005     6.0295405469255705          1.3352118589418986E-008    -9.8380323571248501E-004     4.5949301891158631E-006   -0.67933882234935805          2.5593039675320776E-003     1.7463690547129967E-002    -2.9350684773605775E-005     1.2990947060461539E-007     9.4726632825891220E-007     5.2100995196318039E-004
   123.40000000000001          1.9175188570970451E-002     3.1668302470772627E-007    -1.4444999731997126E-004     1.7103525560725252E-005     6.0435464557978609          1.3374669118987682E-008    -9.8568659690114694E-004     4.6027226226709942E-006   -0.68084107669071825          2.5644465286676051E-003     1.7499069689709424E-002    -2.9406455882176782E-005     1.3012870007455352E-007     9.4887369759829306E-007     5.2205804844670666E-004
   123.42500000000000          1.9215420117404115E-002     3.1721646486930538E-007    -1.4472389746311972E-004     1.7132616154750022E-005     6.0575753587277203          1.3397235283428109E-008    -9.8757188151428520E-004     4.6105205358794521E-006   -0.68234552951063765          2.5695952436795648E-003     1.7534491898076515E-002    -2.9462282914288934E-005     1.3034808111438375E-007     9.5048219953407646E-007     5.2310740218480009E-004
   123.45000000000000          1.9255703040966458E-002     3.1775027220162976E-007    -1.4499807113539328E-004     1.7161727455485861E-005     6.0716272825348394          1.3419817070285308E-008    -9.8945908953158531E-004     4.6183239245317989E-006   -0.68385218264745218          2.5747501154467704E-003     1.7569957193484954E-002    -2.9518165867583744E-005     1.3056761360260381E-007     9.5209183320022544E-007     5.2415801376989575E-004
   123.47499999999999          1.9296037364173763E-002     3.1828444640784477E-007    -1.4527251832370785E-004     1.7190859447580107E-005     6.0857022540773942          1.3442414467150509E-008    -9.9134822093206276E-004     4.6261327844169638E-006   -0.68536103794106618          2.5799111468497345E-003     1.7605465597214966E-002    -2.9574104739730986E-005     1.3078729741786479E-007     9.5370259773249193E-007     5.2520988379603126E-004
   123.50000000000000          1.9336423109535768E-002     3.1881898719203129E-007    -1.4554723901513366E-004     1.7220012115667113E-005     6.0998003002520935          1.3465027461560196E-008    -9.9323927569389082E-004     4.6339471113287260E-006   -0.68687209723309584          2.5850783407761081E-003     1.7641017130562226E-002    -2.9630099528323228E-005     1.3100713243874240E-007     9.5531449226434441E-007     5.2626301285676992E-004
   123.52500000000001          1.9376860299551830E-002     3.1935389425665908E-007    -1.4582223319624770E-004     1.7249185444390801E-005     6.1139214479943025          1.3487656041063144E-008    -9.9513225379477418E-004     4.6417669010506571E-006   -0.68838536236680470          2.5902517001099063E-003     1.7676611814850821E-002    -2.9686150230944987E-005     1.3122711854354212E-007     9.5692751592994865E-007     5.2731740154658235E-004
   123.55000000000000          1.9417348956720645E-002     3.1988916730576077E-007    -1.4609750085394879E-004     1.7278379418385666E-005     6.1280657242782040          1.3510300193237671E-008    -9.9702715521178694E-004     4.6495921493761535E-006   -0.68990083518728673          2.5954312277449896E-003     1.7712249671422601E-002    -2.9742256845204712E-005     1.3144725561103408E-007     9.5854166786422800E-007     5.2837305046120981E-004
   123.57500000000000          1.9457889103519858E-002     3.2042480604240429E-007    -1.4637304197476179E-004     1.7307594022292379E-005     6.1422331561168209          1.3532959905640541E-008    -9.9892397992120958E-004     4.6574228520925434E-006   -0.69141851754110228          2.6006169265743394E-003     1.7747930721646030E-002    -2.9798419368656766E-005     1.3166754351968515E-007     9.6015694720152495E-007     5.2942996019660874E-004
   123.59999999999999          1.9498480762429344E-002     3.2096081016930093E-007    -1.4664885654508251E-004     1.7336829240738784E-005     6.1564237705620837          1.3555635165807437E-008    -1.0008227278986205E-003     4.6652590049828021E-006   -0.69293841127669498          2.6058087994926407E-003     1.7783654986905335E-002    -2.9854637798821992E-005     1.3188798214778659E-007     9.6177335307507555E-007     5.3048813134896075E-004
   123.62500000000000          1.9539123955913829E-002     3.2149717939138761E-007    -1.4692494455171873E-004     1.7366085058365868E-005     6.1706375947050844          1.3578325961320400E-008    -1.0027233991191892E-003     4.6731006038475886E-006   -0.69446051824409594          2.6110068494072901E-003     1.7819422488615708E-002    -2.9910912133250641E-005     1.3210857137431166E-007     9.6339088462010491E-007     5.3154756451607261E-004
   123.65000000000001          1.9579818706433851E-002     3.2203391341006266E-007    -1.4720130598056122E-004     1.7395361459804598E-005     6.1848746556760084          1.3601032279706278E-008    -1.0046259935572875E-003     4.6809476444608731E-006   -0.69598484029511376          2.6162110792138939E-003     1.7855233248209888E-002    -2.9967242369414577E-005     1.3232931107723928E-007     9.6500954096962081E-007     5.3260826029527812E-004
   123.67500000000000          1.9620565036437623E-002     3.2257101193021420E-007    -1.4747794081822869E-004     1.7424658429683278E-005     6.1991349806443212          1.3623754108555284E-008    -1.0065305111864624E-003     4.6888001226211489E-006   -0.69751137928319806          2.6214214918261485E-003     1.7891087287142522E-002    -3.0023628504837449E-005     1.3255020113557270E-007     9.6662932125876300E-007     5.3367021928588836E-004
   123.70000000000000          1.9661362968367704E-002     3.2310847465512118E-007    -1.4775484905088000E-004     1.7453975952636134E-005     6.2134185968188751          1.3646491435385549E-008    -1.0084369519799525E-003     4.6966580341162014E-006   -0.69904013706356483          2.6266380901541989E-003     1.7926984626895192E-002    -3.0080070536944033E-005     1.3277124142763363E-007     9.6825022462031862E-007     5.3473344208639995E-004
   123.72499999999999          1.9702212524656613E-002     3.2364630128707338E-007    -1.4803203066434187E-004     1.7483314013288250E-005     6.2277255314479110          1.3669244247795758E-008    -1.0103453159100515E-003     4.7045213747254620E-006   -0.70057111549311479          2.6318608771072477E-003     1.7962925288967785E-002    -3.0136568463233308E-005     1.3299243183193401E-007     9.6987225018962203E-007     5.3579792929764434E-004
   123.75000000000000          1.9743113727728159E-002     3.2418449152994153E-007    -1.4830948564472244E-004     1.7512672596271035E-005     6.2420558118193687          1.3692012533295107E-008    -1.0122556029485742E-003     4.7123901402404932E-006   -0.70210431643047544          2.6370898556045477E-003     1.7998909294887594E-002    -3.0193122281080420E-005     1.3321377222687326E-007     9.7149539709905951E-007     5.3686368151928540E-004
   123.77500000000001          1.9784066600003463E-002     3.2472304508790126E-007    -1.4858721397814005E-004     1.7542051686212878E-005     6.2564094652607611          1.3714796279490553E-008    -1.0141678130668220E-003     4.7202643264545881E-006   -0.70363974173609867          2.6423250285699459E-003     1.8034936666203864E-002    -3.0249731987961517E-005     1.3343526249139026E-007     9.7311966448433854E-007     5.3793069935368580E-004
   123.80000000000000          1.9825071163885894E-002     3.2526196166286131E-007    -1.4886521565004581E-004     1.7571451267729190E-005     6.2707865191393619          1.3737595473899683E-008    -1.0160819462348308E-003     4.7281439291430199E-006   -0.70517739327200257          2.6475663989209545E-003     1.8071007424482231E-002    -3.0306397581223465E-005     1.3365690250352311E-007     9.7474505147767408E-007     5.3899898340203814E-004
   123.82500000000000          1.9866127441776946E-002     3.2580124095960047E-007    -1.4914349064651570E-004     1.7600871325458268E-005     6.2851870008623738          1.3760410104104089E-008    -1.0179980024229505E-003     4.7360289441046941E-006   -0.70671727290206166          2.6528139695906512E-003     1.8107121591325378E-002    -3.0363119058274941E-005     1.3387869214221040E-007     9.7637155721415993E-007     5.4006853426754741E-004
   123.84999999999999          1.9907235456067852E-002     3.2634088268062662E-007    -1.4942203895297823E-004     1.7630311844015849E-005     6.2996109378769418          1.3783240157646543E-008    -1.0199159816000768E-003     4.7439193671191522E-006   -0.70825938249185705          2.6580677435057831E-003     1.8143279188347069E-002    -3.0419896416458344E-005     1.3410063128573609E-007     9.7799918082689240E-007     5.4113935255329986E-004
   123.87500000000000          1.9948395229140062E-002     3.2688088653003961E-007    -1.4970086055515544E-004     1.7659772808027443E-005     6.3140583576702856          1.3806085622065644E-008    -1.0218358837348368E-003     4.7518151939786190E-006   -0.70980372390869262          2.6633277236032321E-003     1.8179480237190720E-002    -3.0476729653093402E-005     1.3432271981268983E-007     9.7962792144909038E-007     5.4221143886298406E-004
   123.90000000000001          1.9989606783371233E-002     3.2742125221030700E-007    -1.4997995543830368E-004     1.7689254202112443E-005     6.3285292877698334          1.3828946484964199E-008    -1.0237577087951412E-003     4.7597164204627843E-006   -0.71135029902170532          2.6685939128163025E-003     1.8215724759520404E-002    -3.0533618765559326E-005     1.3454495760163987E-007     9.8125777821603827E-007     5.4328479380230915E-004
   123.92500000000000          2.0030870141127182E-002     3.2796197942549272E-007    -1.5025932358796315E-004     1.7718756010893430E-005     6.3430237557432605          1.3851822733854731E-008    -1.0256814567483428E-003     4.7676230423631555E-006   -0.71289910970172510          2.6738663140884705E-003     1.8252012777026292E-002    -3.0590563751110291E-005     1.3476734453104149E-007     9.8288875025995547E-007     5.4435941797580838E-004
   123.95000000000000          2.0072185324764662E-002     3.2850306787931816E-007    -1.5053896498949174E-004     1.7748278218990008E-005     6.3575417891986570          1.3874714356331825E-008    -1.0276071275609818E-003     4.7755350554683424E-006   -0.71445015782133137          2.6791449303651517E-003     1.8288344311421071E-002    -3.0647564607075536E-005     1.3498988047967982E-007     9.8452083671583458E-007     5.4543531199041054E-004
   123.97499999999999          2.0113552356633157E-002     3.2904451727451460E-007    -1.5081887962793412E-004     1.7777820811025257E-005     6.3720834157845818          1.3897621339916373E-008    -1.0295347211992201E-003     4.7834524555603386E-006   -0.71600344525488691          2.6844297645909417E-003     1.8324719384443914E-002    -3.0704621330683060E-005     1.3521256532577762E-007     9.8615403671619124E-007     5.4651247645221565E-004
   124.00000000000000          2.0154971259078759E-002     3.2958632731411369E-007    -1.5109906748833618E-004     1.7807383771609307E-005     6.3866486631902042          1.3920543672176929E-008    -1.0314642376283167E-003     4.7913752384214545E-006   -0.71755897387861400          2.6897208197151292E-003     1.8361138017850987E-002    -3.0761733919202097E-005     1.3543539894785179E-007     9.8778834939483221E-007     5.4759091196901260E-004
   124.02500000000001          2.0196442054428301E-002     3.3012849770341238E-007    -1.5137952855615041E-004     1.7836967085368875E-005     6.4012375591454065          1.3943481340694832E-008    -1.0333956768131098E-003     4.7993033998524524E-006   -0.71911674557031513          2.6950180987001032E-003     1.8397600233432589E-002    -3.0818902369888835E-005     1.3565838122494568E-007     9.8942377388647647E-007     5.4867061914955879E-004
   124.05000000000000          2.0237964765013126E-002     3.3067102814345546E-007    -1.5166026281577372E-004     1.7866570736917892E-005     6.4158501314208287          1.3966434332995543E-008    -1.0353290387177941E-003     4.8072369356219146E-006   -0.72067676220979848          2.7003216044935324E-003     1.8434106052996262E-002    -3.0876126679927216E-005     1.3588151203495869E-007     9.9106030932352513E-007     5.4975159860215744E-004
   124.07500000000000          2.0279539413148237E-002     3.3121391833949810E-007    -1.5194127025249660E-004     1.7896194710870494E-005     6.4304864078280790          1.3989402636669030E-008    -1.0372643233057788E-003     4.8151758415284960E-006   -0.72223902567851761          2.7056313400645269E-003     1.8470655498374403E-002    -3.0933406846552653E-005     1.3610479125696774E-007     9.9269795484063132E-007     5.5083385093715974E-004
   124.09999999999999          2.0321166021144227E-002     3.3175716799450826E-007    -1.5222255085098232E-004     1.7925838991837632E-005     6.4451464162197381          1.4012386239249486E-008    -1.0392015305398230E-003     4.8231201133540454E-006   -0.72380353785978147          2.7109473083758817E-003     1.8507248591422422E-002    -3.0990742866919556E-005     1.3632821876930891E-007     9.9433670957040662E-007     5.5191737676446822E-004
   124.12500000000000          2.0362844611300220E-002     3.3230077681175084E-007    -1.5250410459586496E-004     1.7955503564447167E-005     6.4598301844895252          1.4035385128300755E-008    -1.0411406603825423E-003     4.8310697468848372E-006   -0.72537030063863794          2.7162695123951336E-003     1.8543885354030280E-002    -3.1048134738196483E-005     1.3655179445052379E-007     9.9597657264697373E-007     5.5300217669531433E-004
   124.15000000000001          2.0404575205910241E-002     3.3284474449546198E-007    -1.5278593147193827E-004     1.7985188413304034E-005     6.4745377405723614          1.4058399291383090E-008    -1.0430817127953162E-003     4.8390247379108857E-006   -0.72693931590198901          2.7215979550974686E-003     1.8580565808099754E-002    -3.1105582457532856E-005     1.3677551817933536E-007     9.9761754320367309E-007     5.5408825134156919E-004
   124.17500000000000          2.0446357827261900E-002     3.3338907074821846E-007    -1.5306803146351302E-004     1.8014893523023367E-005     6.4892691124445152          1.4081428716069538E-008    -1.0450246877392662E-003     4.8469850822117237E-006   -0.72851058553857340          2.7269326394544638E-003     1.8617289975563528E-002    -3.1163086022075889E-005     1.3699938983418907E-007     9.9925962037457720E-007     5.5517560131609022E-004
   124.20000000000000          2.0488192497627313E-002     3.3393375527356204E-007    -1.5335040455502125E-004     1.8044618878217271E-005     6.5040243281237320          1.4104473389893992E-008    -1.0469695851746752E-003     4.8549507755733311E-006   -0.73008411143881280          2.7322735684453471E-003     1.8654057878377699E-002    -3.1220645428904667E-005     1.3722340929353703E-007     1.0009028032923012E-006     5.5626422723163964E-004
   124.22499999999999          2.0530079239276147E-002     3.3447879777534939E-007    -1.5363305073089585E-004     1.8074364463501544E-005     6.5188034156692414          1.4127533300455706E-008    -1.0489164050614052E-003     4.8629218137844151E-006   -0.73165989549504074          2.7376207450542085E-003     1.8690869538525730E-002    -3.1278260675159133E-005     1.3744757643621477E-007     1.0025470910918425E-006     5.5735412970306093E-004
   124.25000000000000          2.0572018074474941E-002     3.3502419795774902E-007    -1.5391596997558156E-004     1.8104130263485621E-005     6.5336064031819694          1.4150608435262618E-008    -1.0508651473587001E-003     4.8708981926350033E-006   -0.73323793960150396          2.7429741722700125E-003     1.8727724978012655E-002    -3.1335931757860094E-005     1.3767189114067615E-007     1.0041924829048234E-006     5.5844530934402508E-004
   124.27500000000001          2.0614009025470063E-002     3.3556995552392141E-007    -1.5419916227315259E-004     1.8133916262782576E-005     6.5484333188045518          1.4173698781922840E-008    -1.0528158120250567E-003     4.8788799079083929E-006   -0.73481824565405529          2.7483338530809491E-003     1.8764624218871012E-002    -3.1393658674119109E-005     1.3789635328565725E-007     1.0058389778664645E-006     5.5953776677101195E-004
   124.30000000000000          2.0656052114509348E-002     3.3611607017734615E-007    -1.5448262760769244E-004     1.8163722446005670E-005     6.5632841907215731          1.4196804327970676E-008    -1.0547683990184613E-003     4.8868669553901445E-006   -0.73640081555055381          2.7536997904801549E-003     1.8801567283158974E-002    -3.1451441420947660E-005     1.3812096274959924E-007     1.0074865751094079E-006     5.6063150259969983E-004
   124.32500000000000          2.0698147363830060E-002     3.3666254162115055E-007    -1.5476636596312060E-004     1.8193548797758658E-005     6.5781590471595033          1.4219925060970702E-008    -1.0567229082961110E-003     4.8948593308619712E-006   -0.73798565119064286          2.7590719874628017E-003     1.8838554192954712E-002    -3.1509279995376730E-005     1.3834571941101911E-007     1.0091352737670793E-006     5.6172651744712608E-004
   124.34999999999999          2.0740294795661300E-002     3.3720936955943511E-007    -1.5505037732349504E-004     1.8223395302659182E-005     6.5930579163869423          1.4243060968518601E-008    -1.0586793398149707E-003     4.9028570301144217E-006   -0.73957275447580872          2.7644504470318316E-003     1.8875584970370094E-002    -3.1567174394454096E-005     1.3857062314878466E-007     1.0107850729743809E-006     5.6282281193171233E-004
   124.37500000000000          2.0782494432224019E-002     3.3775655369662427E-007    -1.5533466167285648E-004     1.8253261945311409E-005     6.6079808267147317          1.4266212038135511E-008    -1.0606376935308906E-003     4.9108600489384623E-006   -0.74116212730938158          2.7698351721951765E-003     1.8912659637534936E-002    -3.1625124615121027E-005     1.3879567384146651E-007     1.0124359718632216E-006     5.6392038667106722E-004
   124.40000000000001          2.0824746295732152E-002     3.3830409373479471E-007    -1.5561921899461307E-004     1.8283148710333667E-005     6.6229278064958903          1.4289378257408342E-008    -1.0625979693997631E-003     4.9188683831102123E-006   -0.74275377159655476          2.7752261659542963E-003     1.8949778216612968E-002    -3.1683130654381961E-005     1.3902087136747521E-007     1.0140879695682080E-006     5.6501924228490529E-004
   124.42500000000000          2.0867050408387711E-002     3.3885198937900442E-007    -1.5590404927277486E-004     1.8313055582324410E-005     6.6378988841259332          1.4312559613902245E-008    -1.0645601673760074E-003     4.9268820284243150E-006   -0.74434768924431127          2.7806234313270664E-003     1.8986940729782388E-002    -3.1741192509192344E-005     1.3924621560572585E-007     1.0157410652226147E-006     5.6611937939323365E-004
   124.45000000000000          2.0909406792392813E-002     3.3940024033196233E-007    -1.5618915249073788E-004     1.8342982545902453E-005     6.6528940880429186          1.4335756095178444E-008    -1.0665242874143875E-003     4.9349009806614096E-006   -0.74594388216163965          2.7860269713249224E-003     1.9024147199259184E-002    -3.1799310176493219E-005     1.3947170643463300E-007     1.0173952579601553E-006     5.6722079861672376E-004
   124.47499999999999          2.0951815469936071E-002     3.3994884629802904E-007    -1.5647452863218328E-004     1.8372929585670493E-005     6.6679134467274590          1.4358967688793244E-008    -1.0684903294683606E-003     4.9429252356116805E-006   -0.74754235225929266          2.7914367889700304E-003     1.9061397647275973E-002    -3.1857483653196936E-005     1.3969734373292573E-007     1.0190505469139069E-006     5.6832350057668918E-004
   124.50000000000000          2.0994276463199159E-002     3.4049780698121169E-007    -1.5676017768062662E-004     1.8402896686238293E-005     6.6829569887029585          1.4382194382316743E-008    -1.0704582934910694E-003     4.9509547890637298E-006   -0.74914310144991370          2.7968528872866936E-003     1.9098692096095729E-002    -3.1915712936215579E-005     1.3992312737932792E-007     1.0207069312176257E-006     5.6942748589548266E-004
   124.52500000000001          2.1036789794356244E-002     3.4104712208384026E-007    -1.5704609961909676E-004     1.8432883832215855E-005     6.6980247425356767          1.4405436163332373E-008    -1.0724281794350999E-003     4.9589896367941768E-006   -0.75074613164802961          2.8022752692956963E-003     1.9136030568007740E-002    -3.1973998022460065E-005     1.4014905725228481E-007     1.0223644100055354E-006     5.7053275519648988E-004
   124.55000000000000          2.1079355485574828E-002     3.4159679131189568E-007    -1.5733229443141221E-004     1.8462891008210281E-005     6.7131167368347899          1.4428693019401375E-008    -1.0743999872523087E-003     4.9670297746052972E-006   -0.75235144477006910          2.8077039380371709E-003     1.9173413085325861E-002    -3.2032338908797071E-005     1.4037513323088158E-007     1.0240229824109965E-006     5.7163930910338534E-004
   124.57500000000000          2.1121973559012290E-002     3.4214681436700494E-007    -1.5761876210025288E-004     1.8492918198832676E-005     6.7282330002525645          1.4451964938098908E-008    -1.0763737168940741E-003     4.9750751982687738E-006   -0.75395904273430836          2.8131388965362538E-003     1.9210839670392763E-002    -3.2090735592091192E-005     1.4060135519337897E-007     1.0256826475679653E-006     5.7274714824089392E-004
   124.59999999999999          2.1164644036820539E-002     3.4269719095378598E-007    -1.5790550260894384E-004     1.8522965388687641E-005     6.7433735614845007          1.4475251906959768E-008    -1.0783493683110608E-003     4.9831259035767374E-006   -0.75556892746095961          2.8185801478346436E-003     1.9248310345573900E-002    -3.2149188069144649E-005     1.4082772301845369E-007     1.0273434046087994E-006     5.7385627323366017E-004
   124.62500000000000          2.1207366941143811E-002     3.4324792077717637E-007    -1.5819251594079950E-004     1.8553032562383698E-005     6.7585384492693228          1.4498553913603729E-008    -1.0803269414534479E-003     4.9911818863241073E-006   -0.75718110087213231          2.8240276949791235E-003     1.9285825133263448E-002    -3.2207696336841194E-005     1.4105423658526260E-007     1.0290052526689303E-006     5.7496668470886263E-004
   124.65000000000001          2.1250142294115718E-002     3.4379900353908420E-007    -1.5847980207830641E-004     1.8583119704529778E-005     6.7737276923891994          1.4521870945557135E-008    -1.0823064362707499E-003     4.9992431422841825E-006   -0.75879556489178968          2.8294815410071956E-003     1.9323384055882544E-002    -3.2266260391935254E-005     1.4128089577188582E-007     1.0306681908805335E-006     5.7607838329249610E-004
   124.67500000000000          2.1292970117865351E-002     3.4435043894509161E-007    -1.5876736100475721E-004     1.8613226799738559E-005     6.7889413196698154          1.4545202990431210E-008    -1.0842878527120442E-003     5.0073096672570050E-006   -0.76041232144586079          2.8349416889759033E-003     1.9360987135881250E-002    -3.2324880231264462E-005     1.4150770045757061E-007     1.0323322183788508E-006     5.7719136961309654E-004
   124.70000000000000          2.1335850434512450E-002     3.4490222669841990E-007    -1.5905519270279474E-004     1.8643353832609819E-005     6.8041793599804867          1.4568550035779251E-008    -1.0862711907254664E-003     5.0153814570239222E-006   -0.76203137246215880          2.8404081419359001E-003     1.9398634395729003E-002    -3.2383555851582337E-005     1.4173465052079767E-007     1.0339973342967294E-006     5.7830564429876103E-004
   124.72499999999999          2.1378783266172628E-002     3.4545436650328175E-007    -1.5934329715522683E-004     1.8673500787753956E-005     6.8194418422342631          1.4591912069168404E-008    -1.0882564502589821E-003     5.0234585073748119E-006   -0.76365271987047956          2.8458809029458703E-003     1.9436325857928264E-002    -3.2442287249643524E-005     1.4196174584031842E-007     1.0356635377677960E-006     5.7942120797864786E-004
   124.75000000000000          2.1421768634948154E-002     3.4600685806285747E-007    -1.5963167434449697E-004     1.8703667649785128E-005     6.8347287953880915          1.4615289078197084E-008    -1.0902436312598615E-003     5.0315408140926587E-006   -0.76527636560244461          2.8513599750638490E-003     1.9474061545010798E-002    -3.2501074422215704E-005     1.4218898629482528E-007     1.0373308279268742E-006     5.8053806128334766E-004
   124.77500000000001          2.1464806562937415E-002     3.4655970108200849E-007    -1.5992032425338638E-004     1.8733854403304575E-005     6.8500402484428378          1.4638681050405632E-008    -1.0922327336744999E-003     5.0396283729706439E-006   -0.76690231159166855          2.8568453613588948E-003     1.9511841479527881E-002    -3.2559917365984810E-005     1.4241637176307188E-007     1.0389992039063855E-006     5.8165620484301197E-004
   124.80000000000000          2.1507897072230799E-002     3.4711289526524065E-007    -1.6020924686451003E-004     1.8764061032927469E-005     6.8653762304434931          1.4662087973402008E-008    -1.0942237574492106E-003     5.0477211798013040E-006   -0.76853055977369811          2.8623370649023582E-003     1.9549665684066127E-002    -3.2618816077699698E-005     1.4264390212406873E-007     1.0406686648415045E-006     5.8277563928999063E-004
   124.82500000000000          2.1551040184910882E-002     3.4766644031468258E-007    -1.6049844215981437E-004     1.8794287523255916E-005     6.8807367704792659          1.4685509834771883E-008    -1.0962167025291990E-003     5.0558192303583411E-006   -0.77016111208601690          2.8678350887591706E-003     1.9587534181231860E-002    -3.2677770554063630E-005     1.4287157725623052E-007     1.0423392098662517E-006     5.8389636525695184E-004
   124.84999999999999          2.1594235923050386E-002     3.4822033593616128E-007    -1.6078791012205058E-004     1.8824533858902870E-005     6.8961218976835950          1.4708946622060683E-008    -1.0982115688594433E-003     5.0639225204433678E-006   -0.77179397046800902          2.8733394360140165E-003     1.9625446993664954E-002    -3.2736780791715014E-005     1.4309939703853340E-007     1.0440108381135441E-006     5.8501838337650315E-004
   124.87500000000000          2.1637484308721037E-002     3.4877458183313246E-007    -1.6107765073333444E-004     1.8854800024474913E-005     6.9115316412344310          1.4732398322863544E-008    -1.1002083563842668E-003     5.0720310458401251E-006   -0.77342913686113224          2.8788501097452373E-003     1.9663404144029173E-002    -3.2795846787337631E-005     1.4332736134971016E-007     1.0456835487178511E-006     5.8614169428308749E-004
   124.90000000000001          2.1680785363980468E-002     3.4932917771004659E-007    -1.6136766397591680E-004     1.8885086004582501E-005     6.9269660303543024          1.4755864924753223E-008    -1.1022070650474130E-003     5.0801448023399799E-006   -0.77506661320868531          2.8843671130393215E-003     1.9701405655018125E-002    -3.2854968537567633E-005     1.4355547006858836E-007     1.0473573408129648E-006     5.8726629861146999E-004
   124.92500000000000          2.1724139110881953E-002     3.4988412327031964E-007    -1.6165794983171331E-004     1.8915391783833268E-005     6.9424250943102610          1.4779346415334459E-008    -1.1042076947919053E-003     5.0882637857264708E-006   -0.77670640145597847          2.8898904489821453E-003     1.9739451549351184E-002    -3.2914146039061226E-005     1.4378372307393919E-007     1.0490322135337101E-006     5.8839219699787621E-004
   124.95000000000000          2.1767545571468257E-002     3.5043941821906020E-007    -1.6194850828297056E-004     1.8945717346845762E-005     6.9579088624142642          1.4802842782171263E-008    -1.1062102455606402E-003     5.0963879917967185E-006   -0.77834850355024221          2.8954201206708051E-003     1.9777541849782001E-002    -3.2973379288411196E-005     1.4401212024468235E-007     1.0507081660137924E-006     5.8951939007848009E-004
   124.97499999999999          2.1811004767780882E-002     3.5099506226033953E-007    -1.6223933931161004E-004     1.8976062678218358E-005     6.9734173640231258          1.4826354012841837E-008    -1.1082147172953097E-003     5.1045174163376109E-006   -0.77999292144078947          2.9009561312018138E-003     1.9815676579080298E-002    -3.3032668282211638E-005     1.4424066145959403E-007     1.0523851973868377E-006     5.9064787849055073E-004
   125.00000000000000          2.1854516721847052E-002     3.5155105509786911E-007    -1.6253044289935554E-004     1.9006427762567244E-005     6.9889506285386380          1.4849880094956055E-008    -1.1102211099374166E-003     5.1126520551358874E-006   -0.78163965707878746          2.9064984836740370E-003     1.9853855760053961E-002    -3.3092013017071315E-005     1.4446934659753122E-007     1.0540633067880778E-006     5.9177766287282351E-004
   125.02500000000001          2.1898081455691165E-002     3.5210739643638229E-007    -1.6282181902812305E-004     1.9036812584505741E-005     7.0045086854077718          1.4873421016083148E-008    -1.1122294234280309E-003     5.1207919039851697E-006   -0.78328871241747289          2.9120471811946921E-003     1.9892079415537323E-002    -3.3151413489540264E-005     1.4469817553736201E-007     1.0557424933512396E-006     5.9290874386398881E-004
   125.05000000000000          2.1941698991327859E-002     3.5266408597955928E-007    -1.6311346767946771E-004     1.9067217128640753E-005     7.0200915641227040          1.4896976763806588E-008    -1.1142396577072421E-003     5.1289369586706262E-006   -0.78494008941202731          2.9176022268703806E-003     1.9930347568388972E-002    -3.3210869696163443E-005     1.4492714815780808E-007     1.0574227562103591E-006     5.9404112210384051E-004
   125.07500000000000          2.1985369350766847E-002     3.5322112343278876E-007    -1.6340538883528782E-004     1.9097641379586757E-005     7.0356992942210121          1.4920547325723422E-008    -1.1162518127149218E-003     5.1370872149906659E-006   -0.78659379001967356          2.9231636238190510E-003     1.9968660241500232E-002    -3.3270381633487600E-005     1.4515626433800750E-007     1.0591040945001590E-006     5.9517479823327144E-004
   125.09999999999999          2.2029092556007643E-002     3.5377850849972829E-007    -1.6369758247696995E-004     1.9128085321955387E-005     7.0513319052856867          1.4944132689426569E-008    -1.1182658883902089E-003     5.1452426687308841E-006   -0.78824981619958034          2.9287313751551187E-003     2.0007017457788809E-002    -3.3329949298035734E-005     1.4538552395672344E-007     1.0607865073551295E-006     5.9630977289389629E-004
   125.12500000000000          2.2072868629043532E-002     3.5433624088505049E-007    -1.6399004858606478E-004     1.9158548940358818E-005     7.0669894269453915          1.4967732842485951E-008    -1.1202818846716971E-003     5.1534033156841798E-006   -0.78990816991294699          2.9343054840013866E-003     2.0045419240201336E-002    -3.3389572686287188E-005     1.4561492689281478E-007     1.0624699939089700E-006     5.9744604672766727E-004
   125.15000000000001          2.2116697591860662E-002     3.5489432029238764E-007    -1.6428278714378532E-004     1.9189032219413226E-005     7.0826718888744802          1.4991347772522734E-008    -1.1222998014975057E-003     5.1615691516365388E-006   -0.79156885312298486          2.9398859534801435E-003     2.0083865611715077E-002    -3.3449251794764005E-005     1.4584447302517733E-007     1.0641545532972788E-006     5.9858362037843013E-004
   125.17500000000000          2.2160579466440084E-002     3.5545274642776358E-007    -1.6457579813185537E-004     1.9219535143728617E-005     7.0983793207931258          1.5014977467116590E-008    -1.1243196388051127E-003     5.1697401723901581E-006   -0.79323186779496202          2.9454727867280358E-003     2.0122356595332302E-002    -3.3508986619925805E-005     1.4607416223299427E-007     1.0658401846540230E-006     5.9972249448997958E-004
   125.20000000000000          2.2204514274753579E-002     3.5601151899478125E-007    -1.6486908153131560E-004     1.9250057697922334E-005     7.1141117524674904          1.5038621913861569E-008    -1.1263413965315419E-003     5.1779163737309098E-006   -0.79489721589613493          2.9510659868752531E-003     2.0160892214088212E-002    -3.3568777158229149E-005     1.4630399439502320E-007     1.0675268871138778E-006     6.0086266970723777E-004
   125.22499999999999          2.2248502038763208E-002     3.5657063769806119E-007    -1.6516263732335729E-004     1.9280599866608956E-005     7.1298692137097710          1.5062281100347126E-008    -1.1283650746130589E-003     5.1860977514515255E-006   -0.79656489939574115          2.9566655570604228E-003     2.0199472491045058E-002    -3.3628623406105726E-005     1.4653396939020751E-007     1.0692146598112731E-006     6.0200414667585555E-004
   125.25000000000000          2.2292542780427062E-002     3.5713010224255908E-007    -1.6545646548919162E-004     1.9311161634400382E-005     7.1456517343784203          1.5085955014176991E-008    -1.1303906729854506E-003     5.1942843013467313E-006   -0.79823492026511533          2.9622715004276805E-003     2.0238097449292475E-002    -3.3688525359991662E-005     1.4676408709762902E-007     1.0709035018810573E-006     6.0314692604261611E-004
   125.27500000000001          2.2336636521697803E-002     3.5768991233218241E-007    -1.6575056600968993E-004     1.9341742985919283E-005     7.1614593443781320          1.5109643642950466E-008    -1.1324181915842325E-003     5.2024760192052175E-006   -0.79990728047765780          2.9678838201206673E-003     2.0276767111955175E-002    -3.3748483016300198E-005     1.4699434739613300E-007     1.0725934124582242E-006     6.0429100845503828E-004
   125.30000000000000          2.2380783284513400E-002     3.5825006767185663E-007    -1.6604493886586356E-004     1.9372343905778702E-005     7.1772920736601113          1.5133346974299160E-008    -1.1344476303438895E-003     5.2106729008215892E-006   -0.80158198200868458          2.9735025192915211E-003     2.0315481502181387E-002    -3.3808496371461124E-005     1.4722475016493107E-007     1.0742843906786197E-006     6.0543639456216126E-004
   125.32500000000000          2.2424983090814518E-002     3.5881056796685011E-007    -1.6633958403875897E-004     1.9402964378595726E-005     7.1931499522220639          1.5157064995758759E-008    -1.1364789891986952E-003     5.2188749419934313E-006   -0.80325902683573502          2.9791276010979512E-003     2.0354240643150674E-002    -3.3868565421781405E-005     1.4745529528283706E-007     1.0759764356748474E-006     6.0658308501183682E-004
   125.34999999999999          2.2469235962527093E-002     3.5937141292136777E-007    -1.6663450150905491E-004     1.9433604388991635E-005     7.2090330101084072          1.5180797694989183E-008    -1.1385122680823087E-003     5.2270821385112671E-006   -0.80493841693827184          2.9847590686971591E-003     2.0393044558074332E-002    -3.3928690163691901E-005     1.4768598262905294E-007     1.0776695465839654E-006     6.0773108045537785E-004
   125.37500000000000          2.2513541921573371E-002     3.5993260223996156E-007    -1.6692969125744393E-004     1.9464263921584848E-005     7.2249412774103758          1.5204545059554165E-008    -1.1405474669278096E-003     5.2352944861676848E-006   -0.80662015429788114          2.9903969252519720E-003     2.0431893270191303E-002    -3.3988870593495969E-005     1.4791681208238260E-007     1.0793637225395851E-006     6.0888038154291349E-004
   125.40000000000001          2.2557900989869095E-002     3.6049413562750709E-007    -1.6722515326461144E-004     1.9494942960997758E-005     7.2408747842660768          1.5228307077086570E-008    -1.1425845856678008E-003     5.2435119807580959E-006   -0.80830424089822506          2.9960411739307384E-003     2.0470786802772156E-002    -3.4049106707560802E-005     1.4814778352203336E-007     1.0810589626778435E-006     6.1003098892687486E-004
   125.42500000000000          2.2602313189319979E-002     3.6105601278991563E-007    -1.6752088751141191E-004     1.9525641491846771E-005     7.2568335608606809          1.5252083735178316E-008    -1.1446236242341578E-003     5.2517346180844526E-006   -0.80999067872498698          3.0016918179104515E-003     2.0509725179113453E-002    -3.4109398502188925E-005     1.4837889682722516E-007     1.0827552661332685E-006     6.1118290325967901E-004
   125.45000000000000          2.2646778541826611E-002     3.6161823343064656E-007    -1.6781689397801474E-004     1.9556359498755699E-005     7.2728176374265843          1.5275875021453919E-008    -1.1466645825583281E-003     5.2599623939321817E-006   -0.81167946976596750          3.0073488603616291E-003     2.0548708422545796E-002    -3.4169745973702492E-005     1.4861015187683429E-007     1.0844526320417357E-006     6.1233612519528469E-004
   125.47499999999999          2.2691297069282211E-002     3.6218079725559167E-007    -1.6811317264510845E-004     1.9587096966345561E-005     7.2888270442433925          1.5299680923515031E-008    -1.1487074605712165E-003     5.2681953041036749E-006   -0.81337061601104055          3.0130123044694998E-003     2.0587736556427618E-002    -3.4230149118382589E-005     1.4884154855012408E-007     1.0861510595382358E-006     6.1349065538801953E-004
   125.50000000000000          2.2735868793573671E-002     3.6274370396887977E-007    -1.6840972349286881E-004     1.9617853879241533E-005     7.3048618116382089          1.5323501428977562E-008    -1.1507522582032631E-003     5.2764333443892640E-006   -0.81506411945218937          3.0186821534158373E-003     2.0626809604149771E-002    -3.4290607932509765E-005     1.4907308672606616E-007     1.0878505477583715E-006     6.1464649449337403E-004
   125.52500000000001          2.2780493736581198E-002     3.6330695327637854E-007    -1.6870654650181347E-004     1.9648630222066129E-005     7.3209219699856201          1.5347336525434333E-008    -1.1527989753842658E-003     5.2846765105913104E-006   -0.81675998208349343          3.0243584103941640E-003     2.0665927589131231E-002    -3.4351122412320932E-005     1.4930476628387578E-007     1.0895510958368587E-006     6.1580364316720748E-004
   125.55000000000000          2.2825171920174053E-002     3.6387054488289029E-007    -1.6900364165209789E-004     1.9679425979449234E-005     7.3370075497078622          1.5371186200511342E-008    -1.1548476120435316E-003     5.2929247985055484E-006   -0.81845820590106366          3.0300410785975753E-003     2.0705090534825318E-002    -3.4411692554071023E-005     1.4953658710271167E-007     1.0912527029097767E-006     6.1696210206694331E-004
   125.57500000000000          2.2869903366219430E-002     3.6443447849285505E-007    -1.6930100892373649E-004     1.9710241136011220E-005     7.3531185812750275          1.5395050441848466E-008    -1.1568981681097216E-003     5.3011782039237733E-006   -0.82015879290320948          3.0357301612218314E-003     2.0744298464709904E-002    -3.4472318354020552E-005     1.4976854906172597E-007     1.0929553681134146E-006     6.1812187185116625E-004
   125.59999999999999          2.2914688096577217E-002     3.6499875381245900E-007    -1.6959864829707897E-004     1.9741075676380089E-005     7.3692550952050926          1.5418929237025800E-008    -1.1589506435111161E-003     5.3094367226512908E-006   -0.82186174509034571          3.0414256614745205E-003     2.0783551402297346E-002    -3.4532999808341661E-005     1.5000065204013721E-007     1.0946590905821849E-006     6.1928295317806639E-004
   125.62500000000000          2.2959526133095622E-002     3.6556337054611496E-007    -1.6989655975194472E-004     1.9771929585191535E-005     7.3854171220640783          1.5442822573711937E-008    -1.1610050381755561E-003     5.3177003504817556E-006   -0.82356706446492145          3.0471275825597762E-003     2.0822849371134908E-002    -3.4593736913290276E-005     1.5023289591723192E-007     1.0963638694538054E-006     6.2044534670857555E-004
   125.65000000000001          2.3004417497621360E-002     3.6612832839857774E-007    -1.7019474326817461E-004     1.9802802847067708E-005     7.4016046924661341          1.5466730439478176E-008    -1.1630613520300173E-003     5.3259690832093621E-006   -0.82527475303160547          3.0528359276874718E-003     2.0862192394792124E-002    -3.4654529664995231E-005     1.5046528057189224E-007     1.0980697038622054E-006     6.2160905310244222E-004
   125.67500000000000          2.3049362211991033E-002     3.6669362707634359E-007    -1.7049319882593664E-004     1.9833695446638799E-005     7.4178178370737644          1.5490652821965941E-008    -1.1651195850010698E-003     5.3342429166418400E-006   -0.82698481279714198          3.0585507000793636E-003     2.0901580496873792E-002    -3.4715378059648510E-005     1.5069780588369928E-007     1.0997765929439880E-006     6.2277407302177676E-004
   125.70000000000000          2.3094360298035629E-002     3.6725926628414324E-007    -1.7079192640489548E-004     1.9864607368542513E-005     7.4340565865978494          1.5514589708793661E-008    -1.1671797370150169E-003     5.3425218465753022E-006   -0.82869724577043358          3.0642719029538080E-003     2.0941013701019577E-002    -3.4776282093399774E-005     1.5093047173176008E-007     1.1014845358351614E-006     6.2394040712908220E-004
   125.72499999999999          2.3139411777579794E-002     3.6782524572704288E-007    -1.7109092598472303E-004     1.9895538597403424E-005     7.4503209717978418          1.5538541087594175E-008    -1.1692418079972424E-003     5.3508058688064069E-006   -0.83041205396253437          3.0699995395349336E-003     2.0980492030892191E-002    -3.4837241762400700E-005     1.5116327799532064E-007     1.1031935316718589E-006     6.2510805608805182E-004
   125.75000000000000          2.3184516672441133E-002     3.6839156511116317E-007    -1.7139019754525457E-004     1.9926489117860714E-005     7.4666110234818506          1.5562506946014693E-008    -1.1713057978729247E-003     5.3590949791413458E-006   -0.83212923938664163          3.0757336130557899E-003     2.1020015510193502E-002    -3.4898257062800839E-005     1.5139622455391334E-007     1.1049035795911273E-006     6.2627702056356654E-004
   125.77500000000001          2.3229675004426655E-002     3.6895822414083416E-007    -1.7168974106579918E-004     1.9957458914547252E-005     7.4829267725067972          1.5586487271660583E-008    -1.1733717065664259E-003     5.3673891733725980E-006   -0.83384880405804063          3.0814741267459634E-003     2.1059584162652641E-002    -3.4959327990681905E-005     1.5162931128649921E-007     1.1066146787283655E-006     6.2744730122051289E-004
   125.80000000000000          2.3274886795343997E-002     3.6952522252286034E-007    -1.7198955652621928E-004     1.9988447972103818E-005     7.4992682497785097          1.5610482052151650E-008    -1.1754395340020471E-003     5.3756884473114034E-006   -0.83557074999430736          3.0872210838501757E-003     2.1099198012034241E-002    -3.5020454542132957E-005     1.5186253807261707E-007     1.1083268282196981E-006     6.2861889872497341E-004
   125.82500000000000          2.3320152066984682E-002     3.7009255996154817E-007    -1.7228964390564056E-004     2.0019456275161180E-005     7.5156354862519148          1.5634491275159679E-008    -1.1775092801028285E-003     5.3839927967497158E-006   -0.83729507921501845          3.0929744876066279E-003     2.1138857082128128E-002    -3.5081636713277817E-005     1.5209590479154708E-007     1.1100400272027769E-006     6.2979181374502719E-004
   125.84999999999999          2.3365470841144254E-002     3.7066023616296852E-007    -1.7259000318359680E-004     2.0050483808358017E-005     7.5320285129311060          1.5658514928276985E-008    -1.1795809447919798E-003     5.3923022174931730E-006   -0.83902179374211472          3.0987343412656027E-003     2.1178561396759922E-002    -3.5142874500142578E-005     1.5232941132254347E-007     1.1117542748126955E-006     6.3096604694796868E-004
   125.87500000000000          2.3410843139603607E-002     3.7122825083353328E-007    -1.7289063433957352E-004     2.0081530556337216E-005     7.5484473608694955          1.5682552999166568E-008    -1.1816545279918801E-003     5.4006167053504010E-006   -0.84075089559957183          3.1045006480832664E-003     2.1218310979788896E-002    -3.5204167898809680E-005     1.5256305754527509E-007     1.1134695701871326E-006     6.3214159900348876E-004
   125.90000000000001          2.3456268984137451E-002     3.7179660367715688E-007    -1.7319153735238221E-004     2.0112596503742427E-005     7.5648920611699220          1.5706605475468514E-008    -1.1837300296245093E-003     5.4089362561122338E-006   -0.84248238681355869          3.1102734113092841E-003     2.1258105855106107E-002    -3.5265516905321235E-005     1.5279684333878719E-007     1.1151859124629843E-006     6.3331847058169753E-004
   125.92500000000000          2.3501748396518043E-002     3.7236529440094031E-007    -1.7349271220154421E-004     2.0143681635210898E-005     7.5813626449848357          1.5730672344818363E-008    -1.1858074496111871E-003     5.4172608655913828E-006   -0.84421626941251038          3.1160526342116756E-003     2.1297946046630347E-002    -3.5326921515700675E-005     1.5303076858275596E-007     1.1169033007767993E-006     6.3449666235351645E-004
   125.95000000000000          2.3547281398507786E-002     3.7293432271091269E-007    -1.7379415886621793E-004     2.0174785935391424E-005     7.5978591435163825          1.5754753594847335E-008    -1.1878867878728670E-003     5.4255905295944613E-006   -0.84595254542700116          3.1218383200582170E-003     2.1337831578318693E-002    -3.5388381725945254E-005     1.5326483315661668E-007     1.1186217342652992E-006     6.3567617499068389E-004
   125.97499999999999          2.3592868011861404E-002     3.7350368831129508E-007    -1.7409587732505446E-004     2.0205909388922669E-005     7.6143815880165153          1.5778849213220087E-008    -1.1899680443297638E-003     5.4339252439137054E-006   -0.84769121688978522          3.1276304721132272E-003     2.1377762474153843E-002    -3.5449897532078463E-005     1.5349903693959717E-007     1.1203412120660820E-006     6.3685700916655923E-004
   126.00000000000000          2.3638508258330804E-002     3.7407339090952204E-007    -1.7439786755740205E-004     2.0237051980458589E-005     7.6309300097872272          1.5802959187559220E-008    -1.1920512189019421E-003     5.4422650043664299E-006   -0.84943228583589825          3.1334290936595611E-003     2.1417738758159353E-002    -3.5511468930056352E-005     1.5373337981137886E-007     1.1220617333157051E-006     6.3803916555452795E-004
   126.02500000000001          2.3684202159657591E-002     3.7464343021050582E-007    -1.7470012954191310E-004     2.0268213694642835E-005     7.6475044401805272          1.5827083505539376E-008    -1.1941363115086021E-003     5.4506098067504493E-006   -0.85117575430251669          3.1392341879735047E-003     2.1457760454384404E-002    -3.5573095915880137E-005     1.5396786165137995E-007     1.1237832971522470E-006     6.3922264482999566E-004
   126.05000000000000          2.3729949737579241E-002     3.7521380592022461E-007    -1.7500266325742563E-004     2.0299394516123600E-005     7.6641049105987085          1.5851222154774425E-008    -1.1962233220685705E-003     5.4589596468717893E-006   -0.85292162432908580          3.1450457583405227E-003     2.1497827586912873E-002    -3.5634778485463930E-005     1.5420248233894049E-007     1.1255059027117860E-006     6.4040744766799996E-004
   126.07500000000000          2.3775751013824512E-002     3.7578451774571518E-007    -1.7530546868294711E-004     2.0330594429557003E-005     7.6807314524944417          1.5875375122949379E-008    -1.1983122505003216E-003     5.4673145205451202E-006   -0.85466989795723713          3.1508638080552215E-003     2.1537940179865368E-002    -3.5696516634788178E-005     1.5443724175396483E-007     1.1272295491331075E-006     6.4159357474601671E-004
   126.09999999999999          2.3821606010119133E-002     3.7635556539149786E-007    -1.7560854579679744E-004     2.0361813419589064E-005     7.6973840973708398          1.5899542397726156E-008    -1.2004030967214569E-003     5.4756744235656850E-006   -0.85642057723089426          3.1566883404057131E-003     2.1578098257388583E-002    -3.5758310359790519E-005     1.5467213977572860E-007     1.1289542355539001E-006     6.4278102674195472E-004
   126.12500000000000          2.3867514748175507E-002     3.7692694856530515E-007    -1.7591189457798897E-004     2.0393051470877490E-005     7.7140628767817212          1.5923723966704924E-008    -1.2024958606493821E-003     5.4840393517532804E-006   -0.85817366419610186          3.1625193586987364E-003     2.1618301843668485E-002    -3.5820159656317537E-005     1.5490717628386467E-007     1.1306799611100167E-006     6.4396980433334514E-004
   126.15000000000001          2.3913477249708544E-002     3.7749866697235017E-007    -1.7621551500486421E-004     2.0424308568080544E-005     7.7307678223316287          1.5947919817615135E-008    -1.2045905422011047E-003     5.4924093009097333E-006   -0.85992916090130633          3.1683568662345374E-003     2.1658550962923621E-002    -3.5882064520357189E-005     1.5514235115812020E-007     1.1324067249418435E-006     6.4515990820139914E-004
   126.17500000000000          2.3959493536418783E-002     3.7807072031818604E-007    -1.7651940705573892E-004     2.0455584695846566E-005     7.7474989656759350          1.5972129938047948E-008    -1.2066871412925457E-003     5.5007842668378911E-006   -0.86168706939706097          3.1742008663194102E-003     2.1698845639399077E-002    -3.5944024947711486E-005     1.5537766427763739E-007     1.1341345261846457E-006     6.4635133902532049E-004
   126.20000000000000          2.4005563630005382E-002     3.7864310831087910E-007    -1.7682357070948439E-004     2.0486879838842797E-005     7.7642563385212089          1.5996354315704965E-008    -1.2087856578398561E-003     5.5091642453611659E-006   -0.86344739173627361          3.1800513622752950E-003     2.1739185897383807E-002    -3.6006040934301542E-005     1.5561311552261223E-007     1.1358633639780793E-006     6.4754409748760968E-004
   126.22499999999999          2.4051687552157898E-002     3.7921583065523922E-007    -1.7712800594408529E-004     2.0518193981726250E-005     7.7810399726250541          1.6020592938264273E-008    -1.2108860917582108E-003     5.5175492322782283E-006   -0.86521012997405211          3.1859083574144209E-003     2.1779571761193287E-002    -3.6068112476001705E-005     1.5584870477245855E-007     1.1375932374606852E-006     6.4873818427120338E-004
   126.25000000000000          2.4097865324559636E-002     3.7978888705859094E-007    -1.7743271273805918E-004     2.0549527109154745E-005     7.7978498997964349          1.6044845793341824E-008    -1.2129884429622434E-003     5.5259392234058113E-006   -0.86697528616777864          3.1917718550646800E-003     2.1820003255176211E-002    -3.6130239568596502E-005     1.5608443190680265E-007     1.1393241457688485E-006     6.4993360005866432E-004
   126.27500000000001          2.4144096968891395E-002     3.8036227722643557E-007    -1.7773769106941678E-004     2.0580879205797870E-005     7.8146861518957653          1.6069112868645214E-008    -1.2150927113665547E-003     5.5343342145492080E-006   -0.86874286237718013          3.1976418585505941E-003     2.1860480403721166E-002    -3.6192422207966236E-005     1.5632029680534379E-007     1.1410560880424882E-006     6.5113034553545516E-004
   126.30000000000000          2.4190382506820443E-002     3.8093600086535106E-007    -1.7804294091632524E-004     2.0612250256318566E-005     7.8315487608349708          1.6093394151839216E-008    -1.2171988968847885E-003     5.5427342015204562E-006   -0.87051286066413425          3.2035183712060501E-003     2.1901003231245685E-002    -3.6254660389919014E-005     1.5655629934779336E-007     1.1427890634198331E-006     6.5232842138707777E-004
   126.32500000000000          2.4236721960015105E-002     3.8151005768299213E-007    -1.7834846225716193E-004     2.0643640245384106E-005     7.8484377585777683          1.6117689630584189E-008    -1.2193069994303591E-003     5.5511391801398675E-006   -0.87228528309294229          3.2094013963743393E-003     2.1941571762202992E-002    -3.6316954110246799E-005     1.5679243941406168E-007     1.1445230710390740E-006     6.5352782829989611E-004
   126.34999999999999          2.4283115350132549E-002     3.8208444738518868E-007    -1.7865425506975803E-004     2.0675049157659352E-005     7.8653531771396521          1.6141999292555124E-008    -1.2214170189158915E-003     5.5595491462143307E-006   -0.87406013173010866          3.2152909373954082E-003     2.1982186021078019E-002    -3.6379303364738412E-005     1.5702871688375651E-007     1.1462581100388422E-006     6.5472856696154253E-004
   126.37500000000000          2.4329562698823772E-002     3.8265916967811548E-007    -1.7896031933195935E-004     2.0706476977820327E-005     7.8822950485881735          1.6166323125441914E-008    -1.2235289552539237E-003     5.5679640955547140E-006   -0.87583740864444515          3.2211869976154200E-003     2.2022846032395661E-002    -3.6441708149186296E-005     1.5726513163662888E-007     1.1479941795586000E-006     6.5593063806093069E-004
   126.40000000000001          2.4376064027734935E-002     3.8323422426902703E-007    -1.7926665502179296E-004     2.0737923690533208E-005     7.8992634050429791          1.6190661116930229E-008    -1.2256428083560692E-003     5.5763840239782162E-006   -0.87761711590709357          3.2270895803899837E-003     2.2063551820708342E-002    -3.6504168459360971E-005     1.5750168355263049E-007     1.1497312787373792E-006     6.5713404228784876E-004
   126.42500000000000          2.4422619358508282E-002     3.8380961086481392E-007    -1.7957326211713695E-004     2.0769389280479492E-005     7.9162582786759543          1.6215013254662091E-008    -1.2277585781340552E-003     5.5848089273015151E-006   -0.87939925559154952          3.2329986890778338E-003     2.2104303410610992E-002    -3.6566684290969078E-005     1.5773837251142569E-007     1.1514694067131152E-006     6.5833878033211756E-004
   126.45000000000000          2.4469228712771462E-002     3.8438532917196904E-007    -1.7988014059565073E-004     2.0800873732326721E-005     7.9332797017114487          1.6239379526372554E-008    -1.2298762644982716E-003     5.5932388013364903E-006   -0.88118382977348109          3.2389143270407077E-003     2.2145100826723971E-002    -3.6629255639802727E-005     1.5797519839305099E-007     1.1532085626265943E-006     6.5954485288652071E-004
   126.47499999999999          2.4515892112158252E-002     3.8496137889735623E-007    -1.8018729043506586E-004     2.0832377030754466E-005     7.9503277064262470          1.6263759919694602E-008    -1.2319958673594168E-003     5.6016736418992979E-006   -0.88297084053109809          3.2448364976467026E-003     2.2185944093708370E-002    -3.6691882501529256E-005     1.5821216107712091E-007     1.1549487456153718E-006     6.6075226064262783E-004
   126.50000000000000          2.4562609578283330E-002     3.8553775974818491E-007    -1.8049471161305416E-004     2.0863899160446474E-005     7.9674023251499388          1.6288154422354208E-008    -1.2341173866272724E-003     5.6101134448091129E-006   -0.88476028994471667          3.2507652042702384E-003     2.2226833236261668E-002    -3.6754564871896885E-005     1.5844926044377457E-007     1.1566899548203667E-006     6.6196100429498036E-004
   126.52500000000001          2.4609381132763914E-002     3.8611447143129041E-007    -1.8080240410717191E-004     2.0895440106080020E-005     7.9845035902648718          1.6312563022014242E-008    -1.2362408222113021E-003     5.6185582058815104E-006   -0.88655218009714476          3.2567004502888595E-003     2.2267768279111387E-002    -3.6817302746574233E-005     1.5868649637276649E-007     1.1584321893801045E-006     6.6317108453774686E-004
   126.55000000000000          2.4656206797206127E-002     3.8669151365311779E-007    -1.8111036789476099E-004     2.0926999852340617E-005     8.0016315342063127          1.6336985706391492E-008    -1.2383661740203501E-003     5.6270079209303789E-006   -0.88834651307344381          3.2626422390831856E-003     2.2308749247023942E-002    -3.6880096121269330E-005     1.5892386874403419E-007     1.1601754484352244E-006     6.6438250206723060E-004
   126.57500000000000          2.4703086593212312E-002     3.8726888612194906E-007    -1.8141860295355970E-004     2.0958578383907149E-005     8.0187861894627321          1.6361422463179177E-008    -1.2404934419627206E-003     5.6354625857817985E-006   -0.89014329096107425          3.2685905740467581E-003     2.2349776164795998E-002    -3.6942944991651838E-005     1.5916137743777672E-007     1.1619197311253468E-006     6.6559525758022196E-004
   126.59999999999999          2.4750020542377429E-002     3.8784658854420774E-007    -1.8172710926076373E-004     2.0990175685473819E-005     8.0359675885757529          1.6385873280045961E-008    -1.2426226259465930E-003     5.6439221962506395E-006   -0.89194251584982542          3.2745454585697558E-003     2.2390849057267476E-002    -3.7005849353344102E-005     1.5939902233369235E-007     1.1636650365896668E-006     6.6680935177397137E-004
   126.62500000000000          2.4797008666292447E-002     3.8842462062667601E-007    -1.8203588679358457E-004     2.1021791741728664E-005     8.0531757641404287          1.6410338144734331E-008    -1.2447537258794431E-003     5.6523867481534520E-006   -0.89374418983189274          3.2805068960487893E-003     2.2431967949309118E-002    -3.7068809202041594E-005     1.5963680331191310E-007     1.1654113639697783E-006     6.6802478534830529E-004
   126.65000000000001          2.4844050986537192E-002     3.8900298207722714E-007    -1.8234493552940359E-004     2.1053426537360089E-005     8.0704107488053438          1.6434817044884642E-008    -1.2468867416680796E-003     5.6608562373146124E-006   -0.89554831500174870          3.2864748898901431E-003     2.2473132865826251E-002    -3.7131824533298586E-005     1.5987472025229619E-007     1.1671587124037098E-006     6.6924155900185760E-004
   126.67500000000000          2.4891147524694124E-002     3.8958167260335428E-007    -1.8265425544547088E-004     2.1085080057061118E-005     8.0876725752726966          1.6459309968269489E-008    -1.2490216732192140E-003     5.6693306595563910E-006   -0.89735489345639718          3.2924494435032973E-003     2.2514343831761492E-002    -3.7194895342818816E-005     1.6011277303526616E-007     1.1689070810342418E-006     6.7045967343709319E-004
   126.70000000000000          2.4938298302328778E-002     3.9016069191216762E-007    -1.8296384651881719E-004     2.1116752285529422E-005     8.1049612762985728          1.6483816902539269E-008    -1.2511585204388197E-003     5.6778100106989112E-006   -0.89916392729503358          3.2984305603009543E-003     2.2555600872094992E-002    -3.7258021626135088E-005     1.6035096154057295E-007     1.1706564690000072E-006     6.7167912935486439E-004
   126.72499999999999          2.4985503341007763E-002     3.9074003971113736E-007    -1.8327370872651350E-004     2.1148443207459578E-005     8.1222768846929796          1.6508337835457950E-008    -1.2532972832324408E-003     5.6862942865644288E-006   -0.90097541861936825          3.3044182437023065E-003     2.2596904011839808E-002    -3.7321203378905524E-005     1.6058928564859402E-007     1.1724068754435169E-006     6.7289992745946179E-004
   126.75000000000000          2.5032762662288502E-002     3.9131971570734478E-007    -1.8358384204544603E-004     2.1180152807547042E-005     8.1396194333200000          1.6532872754686347E-008    -1.2554379615050293E-003     5.6947834829724947E-006   -0.90278936953344935          3.3104124971297545E-003     2.2638253276044410E-002    -3.7384440596647294E-005     1.6082774523912427E-007     1.1741582995036983E-006     6.7412206845397175E-004
   126.77500000000001          2.5080076287725062E-002     3.9189971960897311E-007    -1.8389424645270073E-004     2.1211881070502829E-005     8.1569889550979990          1.6557421647940029E-008    -1.2575805551615505E-003     5.7032775957526720E-006   -0.90460578214377685          3.3164133240155156E-003     2.2679648689801542E-002    -3.7447733274928437E-005     1.6106634019245132E-007     1.1759107403218260E-006     6.7534555304367026E-004
   126.80000000000000          2.5127444238862155E-002     3.9248005112382484E-007    -1.8420492192518437E-004     2.1243627981023861E-005     8.1743854829997229          1.6581984502988811E-008    -1.2597250641059219E-003     5.7117766207298167E-006   -0.90642465855919840          3.3224207277950798E-003     2.2721090278230688E-002    -3.7511081409363999E-005     1.6130507038904940E-007     1.1776641970406694E-006     6.7657038193601020E-004
   126.82500000000000          2.5174866537242106E-002     3.9306070995931773E-007    -1.8451586843964702E-004     2.1275393523815411E-005     8.1918090500524361          1.6606561307479703E-008    -1.2618714882419034E-003     5.7202805537271483E-006   -0.90824600089104102          3.3284347119072158E-003     2.2762578066491537E-002    -3.7574484995410270E-005     1.6154393570871478E-007     1.1794186687989349E-006     6.7779655583682962E-004
   126.84999999999999          2.5222343204397101E-002     3.9364169582247760E-007    -1.8482708597264313E-004     2.1307177683587063E-005     8.2092596893380865          1.6631152049193385E-008    -1.2640198274726812E-003     5.7287893905656511E-006   -0.91006981125297759          3.3344552797939498E-003     2.2804112079781690E-002    -3.7637944028662112E-005     1.6178293603181540E-007     1.1811741547401205E-006     6.7902407545585605E-004
   126.87500000000000          2.5269874261856441E-002     3.9422300842218774E-007    -1.8513857450112316E-004     2.1338980445045827E-005     8.2267374339934705          1.6655756715807177E-008    -1.2661700817009692E-003     5.7373031270792104E-006   -0.91189609176116648          3.3404824349105274E-003     2.2845692343332651E-002    -3.7701458504579597E-005     1.6202207123859580E-007     1.1829306540040320E-006     6.8025294150162569E-004
   126.90000000000001          2.5317459731140787E-002     3.9480464746619141E-007    -1.8545033400166780E-004     2.1370801792910176E-005     8.2442423172103325          1.6680375295072849E-008    -1.2683222508292136E-003     5.7458217590951074E-006   -0.91372484453415070          3.3465161807121795E-003     2.2887318882418354E-002    -3.7765028418692694E-005     1.6226134120943003E-007     1.1846881657333993E-006     6.8148315468529981E-004
   126.92500000000000          2.5365099633767488E-002     3.9538661266185697E-007    -1.8576236445069991E-004     2.1402641711884947E-005     8.2617743722355268          1.6705007774717673E-008    -1.2704763347589582E-003     5.7543452824360211E-006   -0.91555607169295972          3.3525565206575102E-003     2.2928991722340197E-002    -3.7828653766489049E-005     1.6250074582449553E-007     1.1864466890697028E-006     6.8271471571854667E-004
   126.95000000000000          2.5412793991247542E-002     3.9596890371764719E-007    -1.8607466582483195E-004     2.1434500186697764E-005     8.2793336323712161          1.6729654142484207E-008    -1.2726323333919500E-003     5.7628736929355854E-006   -0.91738977536106614          3.3586034582150375E-003     2.2970710888449118E-002    -3.7892334543458314E-005     1.6274028496426894E-007     1.1882062231556018E-006     6.8394762531439951E-004
   126.97499999999999          2.5460542825084514E-002     3.9655152034164968E-007    -1.8638723810049881E-004     2.1466377202058533E-005     8.2969201309749483          1.6754314386051121E-008    -1.2747902466287452E-003     5.7714069864222595E-006   -0.91922595766436754          3.3646569968566785E-003     2.3012476406121279E-002    -3.7956070744996592E-005     1.6297995850883805E-007     1.1899667671310105E-006     6.8518188418555494E-004
   127.00000000000000          2.5508346156774050E-002     3.9713446224155293E-007    -1.8670008125395876E-004     2.1498272742689205E-005     8.3145339014598338          1.6778988493231117E-008    -1.2769500743697649E-003     5.7799451587232866E-006   -0.92106462073118478          3.3707171400576769E-003     2.3054288300776053E-002    -3.8019862366643694E-005     1.6321976633886278E-007     1.1917283201408698E-006     6.8641749304863353E-004
   127.02500000000001          2.5556204007812496E-002     3.9771772912616795E-007    -1.8701319526169525E-004     2.1530186793319960E-005     8.3321749772947022          1.6803676451713375E-008    -1.2791118165153574E-003     5.7884882056750438E-006   -0.92290576669242652          3.3767838913033492E-003     2.3096146597873842E-002    -3.8083709403782091E-005     1.6345970833463049E-007     1.1934908813260276E-006     6.8765445261864558E-004
   127.05000000000000          2.5604116399683633E-002     3.9830132070315877E-007    -1.8732658009979695E-004     2.1562119338666778E-005     8.3498433920042334          1.6828378249241574E-008    -1.2812754729645739E-003     5.7970361231037027E-006   -0.92474939768135134          3.3828572540790624E-003     2.3138051322902860E-002    -3.8147611851835906E-005     1.6369978437645945E-007     1.1952544498288320E-006     6.8889276361282291E-004
   127.07500000000000          2.5652083353868399E-002     3.9888523668205287E-007    -1.8764023574475511E-004     2.1594070363465062E-005     8.3675391791691531          1.6853093873575286E-008    -1.2834410436167645E-003     5.8055889068514334E-006   -0.92659551583375732          3.3889372318835738E-003     2.3180002501399323E-002    -3.8211569706237152E-005     1.6393999434512715E-007     1.1970190247927313E-006     6.9013242674978979E-004
   127.09999999999999          2.5700104891842112E-002     3.9946947676974359E-007    -1.8795416217233442E-004     2.1626039852447506E-005     8.3852623724263164          1.6877823312449180E-008    -1.2856085283706089E-003     5.8141465527411355E-006   -0.92844412328792958          3.3950238282091177E-003     2.3222000158934174E-002    -3.8275582962371886E-005     1.6418033812074980E-007     1.1987846053602220E-006     6.9137344274869188E-004
   127.12500000000000          2.5748181035073547E-002     4.0005404067572972E-007    -1.8826835935886553E-004     2.1658027790339723E-005     8.4030130054689014          1.6902566553633185E-008    -1.2877779271240632E-003     5.8227090566133535E-006   -0.93029522218463678          3.4011170465646570E-003     2.3264044321110823E-002    -3.8339651615653159E-005     1.6442081558414955E-007     1.2005511906748281E-006     6.9261581233049090E-004
   127.15000000000001          2.5796311805025163E-002     4.0063892810762104E-007    -1.8858282728012599E-004     2.1690034161879777E-005     8.4207911120465422          1.6927323584832718E-008    -1.2899492397748325E-003     5.8312764142967925E-006   -0.93214881466713717          3.4072168904559605E-003     2.3306135013576798E-002    -3.8403775661398817E-005     1.6466142661544686E-007     1.2023187798781654E-006     6.9385953621582284E-004
   127.17500000000000          2.5844497223154388E-002     4.0122413877490350E-007    -1.8889756591229396E-004     2.1722058951806113E-005     8.4385967259654961          1.6952094393868575E-008    -1.2921224662202587E-003     5.8398486216336125E-006   -0.93400490288121085          3.4133233634023267E-003     2.3348272262016655E-002    -3.8467955095052257E-005     1.6490217109570923E-007     1.2040873721158917E-006     6.9510461512887437E-004
   127.20000000000000          2.5892737310913551E-002     4.0180967238590720E-007    -1.8921257523118253E-004     2.1754102144858254E-005     8.4564298810887824          1.6976878968456650E-008    -1.2942976063571295E-003     5.8484256744578200E-006   -0.93586348897516392          3.4194364689231430E-003     2.3390456092152546E-002    -3.8532189911915061E-005     1.6514304890525566E-007     1.2058569665300206E-006     6.9635104979264050E-004
   127.22499999999999          2.5941032089745120E-002     4.0239552865008379E-007    -1.8952785521278646E-004     2.1786163725780229E-005     8.4742906113363681          1.7001677296348335E-008    -1.2964746600817147E-003     5.8570075686120265E-006   -0.93772457509975193          3.4255562105480306E-003     2.3432686529746380E-002    -3.8596480107311933E-005     1.6538405992480820E-007     1.2076275622639303E-006     6.9759884093195570E-004
   127.25000000000000          2.5989381581090501E-002     4.0298170727499065E-007    -1.8984340583258616E-004     2.1818243679316702E-005     8.4921789506852701          1.7026489365330386E-008    -1.2986536272899967E-003     5.8655942999253572E-006   -0.93958816340833973          3.4316825918034393E-003     2.3474963600597653E-002    -3.8660825676600048E-005     1.6562520403487314E-007     1.2093991584622502E-006     6.9884798927349109E-004
   127.27500000000001          2.6037785806384946E-002     4.0356820797004930E-007    -1.9015922706643352E-004     2.1850341990213095E-005     8.5100949331697109          1.7051315163164906E-008    -1.3008345078773477E-003     5.8741858642403363E-006   -0.94145425605681943          3.4378156162293708E-003     2.3517287330543500E-002    -3.8725226615089303E-005     1.6586648111621849E-007     1.2111717542687637E-006     7.0009849554446475E-004
   127.30000000000000          2.6086244787053011E-002     4.0415503044429632E-007    -1.9047531888999813E-004     2.1882458643223442E-005     8.5280385928813143          1.7076154677609288E-008    -1.3030173017388362E-003     5.8827822573979032E-006   -0.94332285520353421          3.4439552873694059E-003     2.3559657745463682E-002    -3.8789682918066279E-005     1.6610789104951047E-007     1.2129453488273270E-006     7.0135036047307771E-004
   127.32500000000000          2.6134758544521731E-002     4.0474217440712941E-007    -1.9079168127898491E-004     2.1914593623098503E-005     8.5460099639692721          1.7101007896436115E-008    -1.3052020087690190E-003     5.8913834752410930E-006   -0.94519396300952707          3.4501016087740504E-003     2.3602074871273557E-002    -3.8854194580824548E-005     1.6634943371556331E-007     1.2147199412822331E-006     7.0260358478894534E-004
   127.34999999999999          2.6183327100206436E-002     4.0532963956679941E-007    -1.9110831420872921E-004     2.1946746914593722E-005     8.5640090806404281          1.7125874807433634E-008    -1.3073886288620313E-003     5.8999895136053488E-006   -0.94706758163828297          3.4562545839940252E-003     2.3644538733928914E-002    -3.8918761598658775E-005     1.6659110899503251E-007     1.2164955307784485E-006     7.0385816922310972E-004
   127.37500000000000          2.6231950475517105E-002     4.0591742563267564E-007    -1.9142521765476043E-004     2.1978918502465165E-005     8.5820359771594728          1.7150755398365254E-008    -1.3095771619114416E-003     5.9086003683341656E-006   -0.94894371325585636          3.4624142165903555E-003     2.3687049359423576E-002    -3.8983383966817369E-005     1.6683291676868180E-007     1.2182721164600847E-006     7.0511411450717009E-004
   127.40000000000001          2.6280628691859088E-002     4.0650553231449677E-007    -1.9174239159262739E-004     2.2011108371481317E-005     8.6000906878491143          1.7175649657009475E-008    -1.3117676078107303E-003     5.9172160352753735E-006   -0.95082236003088949          3.4685805101310830E-003     2.3729606773796798E-002    -3.9048061680552121E-005     1.6707485691742410E-007     1.2200496974721276E-006     7.0637142137414881E-004
   127.42500000000000          2.6329361770633143E-002     4.0709395932084501E-007    -1.9205983599752773E-004     2.2043316506395856E-005     8.6181732470902155          1.7200557571140463E-008    -1.3139599664524371E-003     5.9258365102664467E-006   -0.95270352413461867          3.4747534681844740E-003     2.3772211003116942E-002    -3.9112794735096215E-005     1.6731692932191423E-007     1.2218282729589884E-006     7.0763009055807514E-004
   127.45000000000000          2.6378149733232537E-002     4.0768270636219217E-007    -1.9237755084503344E-004     2.2075542891978701E-005     8.6362836893219832          1.7225479128567797E-008    -1.3161542377289816E-003     5.9344617891605939E-006   -0.95458720774083128          3.4809330943325989E-003     2.3814862073500236E-002    -3.9177583125706461E-005     1.6755913386336682E-007     1.2236078420667713E-006     7.0889012279484775E-004
   127.47499999999999          2.6426992601047281E-002     4.0827177314709200E-007    -1.9269553611018567E-004     2.2107787513000663E-005     8.6544220490420418          1.7250414317076502E-008    -1.3183504215324212E-003     5.9430918677973868E-006   -0.95647341302594402          3.4871193921543939E-003     2.3857560011101602E-002    -3.9242426847598582E-005     1.6780147042248383E-007     1.2253884039407424E-006     7.1015151882094141E-004
   127.50000000000000          2.6475890395459039E-002     4.0886115938522200E-007    -1.9301379176821562E-004     2.2140050354229058E-005     8.6725883608066834          1.7275363124425746E-008    -1.3205485177540930E-003     5.9517267420239235E-006   -0.95836214216892257          3.4933123652392266E-003     2.3900304842112276E-002    -3.9307325895939583E-005     1.6804393888007131E-007     1.2271699577251596E-006     7.1141427937338169E-004
   127.52500000000001          2.6524843137843212E-002     4.0945086478663882E-007    -1.9333231779436192E-004     2.2172331400443800E-005     8.6907826592309974          1.7300325538431770E-008    -1.3227485262851219E-003     5.9603664076917273E-006   -0.96025339735132387          3.4995120171836033E-003     2.3943096592769563E-002    -3.9372280265947157E-005     1.6828653911729122E-007     1.2289525025666291E-006     7.1267840519154493E-004
   127.55000000000000          2.6573850849573061E-002     4.1004088906022190E-007    -1.9365111416352852E-004     2.2204630636413803E-005     8.7090049789890109          1.7325301546925718E-008    -1.3249504470160128E-003     5.9690108606423440E-006   -0.96214718075737904          3.5057183515842440E-003     2.3985935289342768E-002    -3.9437289952847914E-005     1.6852927101513721E-007     1.2307360376119638E-006     7.1394389701624793E-004
   127.57500000000000          2.6622913552016535E-002     4.1063123191599295E-007    -1.9397018085080936E-004     2.2236948046924353E-005     8.7272553548138561          1.7350291137632465E-008    -1.3271542798371165E-003     5.9776600967277212E-006   -0.96404349457393812          3.5119313720484331E-003     2.4028820958149656E-002    -3.9502354951722524E-005     1.6877213445431852E-007     1.2325205620047158E-006     7.1521075558712702E-004
   127.59999999999999          2.6672031266535497E-002     4.1122189306357124E-007    -1.9428951783113214E-004     2.2269283616757405E-005     8.7455338214979257          1.7375294298414528E-008    -1.3293600246382332E-003     5.9863141117964327E-006   -0.96594234099046805          3.5181510821871613E-003     2.4071753625544902E-002    -3.9567475257802740E-005     1.6901512931613310E-007     1.2343060748931532E-006     7.1647898164792548E-004
   127.62500000000000          2.6721204014478389E-002     4.1181287221372020E-007    -1.9460912507959414E-004     2.2301637330695626E-005     8.7638404138930834          1.7400311017048203E-008    -1.3315676813083835E-003     5.9949729017053235E-006   -0.96784372219892578          3.5243774856220460E-003     2.4114733317922601E-002    -3.9632650866194107E-005     1.6925825548169331E-007     1.2360925754225460E-006     7.1774857594164804E-004
   127.65000000000001          2.6770431817198622E-002     4.1240416907525829E-007    -1.9492900257078827E-004     2.2334009173526495E-005     8.7821751669107684          1.7425341281345741E-008    -1.3337772497365955E-003     6.0036364622979192E-006   -0.96974764039409667          3.5306105859715499E-003     2.4157760061718814E-002    -3.9697881772040302E-005     1.6950151283188761E-007     1.2378800627395503E-006     7.1901953921321064E-004
   127.67500000000000          2.6819714696042846E-002     4.1299578335891450E-007    -1.9524915027969075E-004     2.2366399130045758E-005     8.8005381155221230          1.7450385079134792E-008    -1.3359887298115365E-003     6.0123047894325682E-006   -0.97165409777338740          3.5368503868682044E-003     2.4200833883413708E-002    -3.9763167970485413E-005     1.6974490124807163E-007     1.2396685359915930E-006     7.2029187220899727E-004
   127.70000000000000          2.6869052672345677E-002     4.1358771477424741E-007    -1.9556956818089655E-004     2.2398807185042017E-005     8.8189292947582754          1.7475442398218284E-008    -1.3382021214210090E-003     6.0209778789581891E-006   -0.97356309653674222          3.5430968919449020E-003     2.4243954809522596E-002    -3.9828509456625160E-005     1.6998842061124027E-007     1.2414579943250271E-006     7.2156557567599827E-004
   127.72499999999999          2.6918445767441634E-002     4.1417996303272913E-007    -1.9589025624941342E-004     2.2431233323316620E-005     8.8373487397103929          1.7500513226414047E-008    -1.3404174244528047E-003     6.0296557267391495E-006   -0.97547463888686081          3.5493501048486581E-003     2.4287122866607821E-002    -3.9893906225560914E-005     1.7023207080285348E-007     1.2432484368870840E-006     7.2284065036266930E-004
   127.75000000000000          2.6967894002658085E-002     4.1477252784311628E-007    -1.9621121445949856E-004     2.2463677529663512E-005     8.8557964855299023          1.7525597551535648E-008    -1.3426346387939126E-003     6.0383383286193111E-006   -0.97738872702908230          3.5556100292199566E-003     2.4330338081266976E-002    -3.9959358272372552E-005     1.7047585170379349E-007     1.2450398628246322E-006     7.2411709701851988E-004
   127.77500000000001          2.7017397399317820E-002     4.1536540891607234E-007    -1.9653244278580934E-004     2.2496139788889136E-005     8.8742725674286085          1.7550695361411804E-008    -1.3448537643312370E-003     6.0470256804578771E-006   -0.97930536317143368          3.5618766687134209E-003     2.4373600480144697E-002    -4.0024865592143774E-005     1.7071976319540756E-007     1.2468322712854176E-006     7.2539491639453911E-004
   127.80000000000000          2.7066955978738632E-002     4.1595860596263663E-007    -1.9685394120303072E-004     2.2528620085796744E-005     8.8927770206789134          1.7575806643887552E-008    -1.3470748009511485E-003     6.0557177781162860E-006   -0.98122454952463278          3.5681500269910079E-003     2.4416910089923714E-002    -4.0090428179964565E-005     1.7096380515919945E-007     1.2486256614176643E-006     7.2667410924322500E-004
   127.82500000000000          2.7116569762229918E-002     4.1655211869267794E-007    -1.9717570968545811E-004     2.2561118405194174E-005     8.9113098806139579          1.7600931386761260E-008    -1.3492977485394199E-003     6.0644146174481828E-006   -0.98314628830203532          3.5744301077150881E-003     2.4460266937329427E-002    -4.0156046030848404E-005     1.7120797747620529E-007     1.2504200323680868E-006     7.2795467631722103E-004
   127.84999999999999          2.7166238771099731E-002     4.1714594681642516E-007    -1.9749774820743067E-004     2.2593634731897727E-005     8.9298711826277533          1.7626069577888676E-008    -1.3515226069818235E-003     6.0731161943109284E-006   -0.98507058171976347          3.5807169145553146E-003     2.4503671049132321E-002    -4.0221719139868382E-005     1.7145228002781506E-007     1.2522153832856437E-006     7.2923661837157668E-004
   127.87500000000000          2.7215963026646892E-002     4.1774009004603750E-007    -1.9782005674366931E-004     2.2626169050716700E-005     8.9484609621754032          1.7651221205078976E-008    -1.3537493761632243E-003     6.0818225045747164E-006   -0.98699743199657575          3.5870104511956796E-003     2.4547122452139015E-002    -4.0287447502022426E-005     1.7169671269558700E-007     1.2540117133174605E-006     7.3051993616149544E-004
   127.90000000000001          2.7265742550166609E-002     4.1833454809094095E-007    -1.9814263526815590E-004     2.2658721346468671E-005     8.9670792547732319          1.7676386256219446E-008    -1.3559780559683125E-003     6.0905335440912662E-006   -0.98892684135397335          3.5933107213136544E-003     2.4590621173201332E-002    -4.0353231112389031E-005     1.7194127536090026E-007     1.2558090216136249E-006     7.3180463044504932E-004
   127.92500000000000          2.7315577362948897E-002     4.1892932066248165E-007    -1.9846548375526929E-004     2.2691291603972055E-005     8.9857260959989400          1.7701564719088705E-008    -1.3582086462812617E-003     6.0992493087261390E-006   -0.99085881201617765          3.5996177286010253E-003     2.4634167239212124E-002    -4.0419069965900593E-005     1.7218596790499744E-007     1.2576073073204418E-006     7.3309070197911746E-004
   127.95000000000000          2.7365467486283251E-002     4.1952440747082748E-007    -1.9878860217904557E-004     2.2723879808057902E-005     9.0044015214918627          1.7726756581605517E-008    -1.3604411469863064E-003     6.1079697943381721E-006   -0.99279334621022730          3.6059314767500662E-003     2.4677760677112453E-002    -4.0484964057647122E-005     1.7243079020956312E-007     1.2594065695894726E-006     7.3437815152480686E-004
   127.97499999999999          2.7415412941441602E-002     4.2011980822729279E-007    -1.9911199051368157E-004     2.2756485943545755E-005     9.0231055669529709          1.7751961831538789E-008    -1.3626755579664400E-003     6.1166949967927842E-006   -0.99473044616566597          3.6122519694639348E-003     2.4721401513877118E-002    -4.0550913382513859E-005     1.7267574215578598E-007     1.2612068075667045E-006     7.3566697984114165E-004
   128.00000000000000          2.7465413749702818E-002     4.2071552264356947E-007    -1.9943564873344116E-004     2.2789109995267870E-005     9.0418382681452414          1.7777180456797373E-008    -1.3649118791048916E-003     6.1254249119598316E-006   -0.99667011411500728          3.6185792104532848E-003     2.4765089776529463E-002    -4.0616917935548562E-005     1.7292082362561476E-007     1.2630080204033790E-006     7.3695718769137665E-004
